6.52919
0.805356
7.28774
0.906849
7.93647
0.995727
7.07489
0.885045
7.03216
0.90039
7.1205
0.897709
7.85062
0.992923
7.98464
1.02955
7.02177
0.870342
7.09873
0.903108
8.35683
1.07608
7.37973
0.935821
7.31405
0.92669
6.93278
0.885619
7.07233
0.89765
7.49199
0.941794
6.88677
0.863699
7.36744
0.918271
7.60866
0.94957
6.89539
0.882041
7.5541
0.969195
7.28297
0.915586
6.81981
0.851806
7.93249
1.00246
7.17053
0.916315
7.20955
0.906368
7.31608
0.910016
8.01945
1.02169
7.85541
1.0021
6.95479
0.867279
7.32739
0.913104
6.9798
0.864774
7.41469
0.928953
7.63921
0.983853
7.37901
0.936941
7.20281
0.88387
6.47402
0.794346
7.3557
0.942379
7.20008
0.92347
7.30312
0.940862
7.71756
0.973099
8.32956
1.06363
6.64974
0.836146
7.36443
0.942658
7.59744
0.960568
6.43786
0.810224
7.75222
0.995213
7.49182
0.953118
7.68111
0.989395
7.31301
0.927143
7.80688
0.987073
7.1031
0.897411
7.7596
0.980749
8.34202
1.06104
7.38795
0.957918
8.15614
1.04619
6.80368
0.8411
7.51556
0.954356
7.13943
0.898538
7.30846
0.937292
6.39307
0.787232
6.87789
0.87012
7.12598
0.891459
7.97205
1.01258
7.16153
0.907075
6.93443
0.857829
7.37433
0.917094
7.68025
0.970659
8.3093
1.06326
7.20032
0.915129
7.76317
0.980253
7.2335
0.900912
7.68062
0.98227
7.68326
0.963299
7.13129
0.905897
7.47445
0.945897
6.78084
0.842874
7.15419
0.88613
7.46891
0.937472
7.10735
0.893562
7.57236
0.955876
7.17897
0.906692
6.96587
0.891096
6.61649
0.808573
7.78231
0.994921
6.45123
0.789582
7.69849
0.959106
7.52103
0.951599
6.33154
0.772808
7.3915
0.940118
6.62194
0.837407
6.88417
0.858666
7.3862
0.921463
8.18858
1.04078
7.05286
0.878663
7.53156
0.961528
7.26003
0.901388
7.08607
0.867499
7.00692
0.885202
7.01651
0.876815
7.65596
0.959707
7.31908
0.9215
7.28475
0.910232
8.08038
1.04462
7.21326
0.905137
7.61158
0.963073
7.63991
0.977226
6.57786
0.827982
7.015
0.861546
6.97226
0.862318
7.63203
0.967539
6.99228
0.883718
7.69552
0.989981
7.93011
1.00306
8.02322
1.01432
7.75825
0.970883
7.44261
0.931805
7.08562
0.879136
6.92892
0.874151
6.69762
0.84423
6.92853
0.855984
6.97455
0.856527
8.4032
1.06793
6.69451
0.824523
7.35021
0.931772
7.53275
0.94222
7.75149
0.998847
7.653
0.958568
6.77657
0.833918
7.37643
0.916388
6.6568
0.829139
7.66398
0.97565
7.01679
0.885508
7.25143
0.92632
7.16544
0.909868
7.28158
0.906636
7.20837
0.910934
6.68095
0.824428
7.56273
0.954128
8.24538
1.03216
6.92111
0.85269
7.60035
0.944591
7.19597
0.918232
7.28109
0.920346
6.75562
0.826077
7.15537
0.918665
7.92884
1.01457
6.79979
0.837617
8.31633
1.05661
6.62686
0.81046
7.33777
0.933826
7.04291
0.87285
6.73184
0.838635
6.88134
0.870683
7.28169
0.914912
6.82697
0.843691
7.88608
0.996438
7.30168
0.904706
7.42661
0.924596
7.82447
0.986298
7.32966
0.914025
7.15539
0.918371
8.05522
1.0255
7.05187
0.904213
6.92088
0.855637
7.83641
0.999895
7.80988
0.977349
6.88166
0.840356
7.37279
0.920525
6.89794
0.862023
7.5972
0.948502
7.90029
1.01504
6.74424
0.821171
8.29048
1.04842
6.74093
0.847592
7.56354
0.948436
7.81067
0.985955
7.87662
0.998593
8.2677
1.0507
7.64977
0.976553
8.54218
1.08071
7.42195
0.951
8.70991
1.10437
6.67497
0.818843
7.912
0.997009
8.21504
1.04812
8.17709
1.03599
7.82394
0.981665
7.44526
0.938052
8.19207
1.03945
7.48551
0.945041
7.47049
0.940406
7.01313
0.890007
7.57044
0.943362
6.95654
0.875664
6.82884
0.856414
6.96636
0.889796
7.21027
0.903924
7.56271
0.937511
6.93827
0.859926
7.27532
0.915458
7.03346
0.869789
7.74801
0.994398
6.89611
0.868449
7.29488
0.935069
7.15986
0.896406
7.42956
0.920799
6.33643
0.773744
6.8812
0.848996
8.05909
1.01146
8.6244
1.11282
7.37272
0.912612
7.03759
0.889307
7.36783
0.949273
6.80168
0.848867
7.19136
0.91571
7.67876
0.952036
7.46174
0.958284
7.1191
0.898578
6.5799
0.80723
8.12791
1.04049
7.79204
1.00272
7.09285
0.907193
7.48101
0.930678
7.14836
0.899744
7.76366
0.985653
7.28383
0.913776
6.85475
0.843536
7.24361
0.921363
7.33759
0.918582
7.18857
0.912057
6.66439
0.826745
7.3762
0.916385
6.81181
0.849273
7.69086
0.975093
7.48077
0.940289
7.2748
0.910909
7.09577
0.88278
7.93335
1.01653
7.8294
0.988008
6.89297
0.872612
8.48143
1.09475
7.70056
0.976255
7.37088
0.909619
7.00606
0.878384
7.32165
0.92323
7.79709
1.00622
7.11353
0.904576
7.06196
0.883909
6.73468
0.858086
7.56122
0.94878
8.05453
1.02716
7.18139
0.902435
6.81476
0.854788
7.81568
0.987828
7.28304
0.922688
6.61571
0.808121
7.15195
0.897414
8.08505
1.02265
7.61723
0.986682
7.69803
0.95936
7.47176
0.952595
8.40271
1.06627
7.06637
0.88347
6.58132
0.818766
7.95885
1.01542
6.88145
0.856888
7.85756
0.998428
7.34334
0.932212
7.03846
0.882069
7.54659
0.956875
7.05675
0.881849
7.19645
0.897135
7.52369
0.93908
7.76759
0.980293
7.06574
0.895483
7.62315
0.96906
8.26291
1.07925
7.37902
0.923352
7.70782
0.967527
7.2003
0.885883
7.12813
0.879681
7.64432
0.986878
6.60121
0.845651
7.52639
0.936018
7.46051
0.928301
7.74564
0.96597
7.03713
0.902677
7.65372
0.964289
6.87121
0.853724
7.24204
0.916049
7.16755
0.894273
6.95241
0.889436
6.69461
0.822789
7.71936
0.978358
6.95392
0.869754
7.15106
0.900776
6.7702
0.836898
7.89154
1.00834
7.4283
0.954524
6.81123
0.835411
6.98683
0.879414
6.9205
0.879076
7.80043
0.983406
7.23057
0.919806
7.83965
1.01304
6.86614
0.873572
7.26592
0.913425
7.12057
0.88317
6.84925
0.852016
7.60993
0.963288
7.27365
0.907287
7.95903
1.02112
7.72494
0.994282
6.72136
0.847678
6.83281
0.867382
7.02523
0.905282
6.43987
0.785833
7.3642
0.912991
6.70392
0.84059
7.93557
1.00073
7.68814
0.971566
8.41241
1.07472
7.00369
0.865418
6.72153
0.852107
7.27129
0.92599
6.51872
0.80688
7.41472
0.943797
7.88504
1.00848
7.6851
0.974157
7.16424
0.918847
6.71091
0.830549
7.61581
0.962775
7.38108
0.926605
7.2855
0.903366
7.14904
0.890275
7.65222
0.966074
6.69519
0.824683
7.67218
0.98798
7.37886
0.931597
7.50514
0.929514
7.52656
0.943109
8.07313
1.03863
7.82366
1.0031
7.78586
0.995493
6.90672
0.867491
6.91202
0.846014
7.14734
0.903923
7.31229
0.91275
7.56541
0.971014
7.82345
0.992126
7.1606
0.877622
7.99444
1.01805
7.50615
0.937705
7.63725
0.98771
6.45977
0.786725
7.56019
0.942539
7.75856
0.977435
8.11716
1.03943
7.88619
0.991055
7.87998
1.00482
7.70016
0.981641
7.78681
0.983566
7.47705
0.952049
7.73774
0.963338
7.35278
0.912381
7.6152
0.976096
7.27537
0.916491
7.71473
0.980138
7.35806
0.929318
8.05208
1.02619
8.44195
1.07199
7.25295
0.907765
7.23835
0.915629
6.72761
0.832402
7.91997
0.988028
7.41347
0.931821
7.91536
1.0159
8.04104
1.01643
6.63006
0.842722
6.88375
0.84451
7.20021
0.893243
7.66358
0.977471
7.11415
0.893267
7.73382
0.98039
7.43444
0.908495
7.47334
0.957749
6.93043
0.87043
7.43244
0.953643
7.23592
0.931513
8.14299
1.03697
7.47927
0.935005
7.54761
0.954204
7.30562
0.924533
8.00866
1.02204
8.09145
1.03477
7.04142
0.886308
6.4564
0.816362
8.36863
1.0643
7.73171
0.970602
7.66204
0.964505
7.38478
0.909637
7.81209
0.985103
8.05727
1.01408
7.60192
0.970109
7.72822
0.97791
7.21878
0.928112
8.59625
1.1088
7.6705
0.97945
7.27619
0.923005
6.97271
0.888443
7.13595
0.883017
7.31101
0.926977
7.15546
0.887757
7.41319
0.954184
7.09781
0.902564
6.87538
0.858407
7.05423
0.89629
6.78586
0.835691
7.99743
1.02261
7.58929
0.974356
8.46452
1.08569
7.13725
0.880505
7.66173
0.953775
7.78842
1.00294
7.70568
0.983109
7.54732
0.966286
7.17404
0.901691
7.57365
0.947873
7.17318
0.89795
7.27775
0.923425
6.85629
0.845074
7.8572
0.974927
8.23244
1.06186
7.48207
0.933496
7.54246
0.960263
8.04446
1.0122
6.93798
0.867621
7.61991
0.974032
7.16881
0.911627
7.86547
1.00831
7.35108
0.940447
8.11353
1.01794
6.80036
0.86103
7.60242
0.951158
7.40508
0.939181
6.82127
0.848506
6.8542
0.847485
6.89292
0.877018
7.82631
1.00483
6.31476
0.778067
7.26628
0.903864
7.10056
0.886455
7.72815
0.992326
7.19711
0.893752
7.62359
0.952111
7.80876
0.994497
7.97
1.02444
8.37851
1.06332
6.9424
0.878305
7.34894
0.933974
7.50587
0.944734
8.83308
1.13873
7.13267
0.877368
7.11561
0.895846
7.92738
0.982581
6.43271
0.78795
7.48689
0.966878
6.90438
0.859305
7.09206
0.87239
6.722
0.818089
7.11269
0.886662
6.60108
0.822873
6.8315
0.861172
7.03036
0.899883
8.29059
1.0556
7.61777
0.969313
6.73074
0.827495
7.33869
0.929308
7.579
0.949477
7.88593
1.0075
8.10165
1.04397
7.24484
0.89225
7.3072
0.925942
7.60623
0.964619
6.4189
0.785372
7.23374
0.913363
8.04347
1.02696
7.10281
0.898245
7.80927
0.99603
6.7764
0.855993
7.4476
0.953391
7.80938
0.979776
7.19003
0.889296
7.70681
0.962042
7.69559
0.964676
8.14979
1.01956
6.61419
0.813912
7.00021
0.873602
7.61391
0.952886
7.65175
0.970984
7.80078
0.973992
7.28865
0.925251
7.3151
0.922412
7.41738
0.913422
6.88133
0.849621
7.66245
0.987983
7.89749
1.00087
7.50759
0.96117
6.76114
0.830812
7.13983
0.905828
7.78204
0.993188
7.23256
0.908529
8.4432
1.06826
7.43864
0.946255
7.81815
0.996307
8.57154
1.1083
7.12898
0.909864
7.44634
0.921663
7.77445
1.00526
6.5069
0.806354
6.99259
0.856675
7.54055
0.960207
6.86357
0.851968
6.97087
0.886533
7.87474
1.0018
7.67722
0.986443
6.97836
0.866566
7.24625
0.920442
7.76514
0.98857
6.75226
0.849631
7.37419
0.914013
7.54042
0.95567
7.46343
0.955521
7.2257
0.912203
7.67625
0.970227
7.69754
0.999856
6.71531
0.833447
7.69265
0.993963
7.45841
0.937864
6.71425
0.83178
6.55341
0.801471
7.45511
0.937824
7.0282
0.89046
7.32171
0.925201
7.40667
0.925699
7.27215
0.89907
7.53441
0.937028
8.24373
1.04388
7.15853
0.878633
8.31945
1.05028
6.88523
0.843012
7.27849
0.939243
6.88604
0.856594
7.33477
0.919435
6.92775
0.869164
7.5255
0.967505
7.19227
0.889076
7.72773
0.985752
7.57613
0.962803
7.33908
0.931357
6.5421
0.801773
7.48417
0.941008
7.60026
0.974829
7.19311
0.912002
6.74755
0.837373
7.49094
0.942825
8.06479
1.0121
7.47182
0.935918
6.90545
0.855844
7.08897
0.899803
8.04319
1.03174
7.29425
0.888383
7.93432
1.00949
7.52835
0.940223
7.22055
0.90115
7.06916
0.8905
7.70273
0.976222
7.79497
0.984172
6.87357
0.84086
7.14897
0.908298
7.70267
0.988074
7.15472
0.895886
6.92266
0.890316
6.71778
0.819845
7.83301
0.996311
7.50205
0.952062
7.10367
0.902641
6.50005
0.792866
7.64047
0.964846
7.1297
0.897028
7.93289
1.01029
7.44775
0.930718
7.74352
0.975493
7.0158
0.861602
7.94976
1.01999
7.03851
0.88427
7.50133
0.942925
7.91859
1.01509
6.64387
0.818671
7.04491
0.893739
6.83132
0.867849
6.76683
0.85253
7.67356
0.946276
6.85923
0.846025
7.45761
0.949486
7.2216
0.886916
8.79486
1.13953
6.84291
0.864921
7.80545
0.994248
7.38749
0.945181
7.29142
0.927709
7.69414
0.989441
7.64939
0.964865
6.82907
0.843971
6.65509
0.826077
7.8687
1.01944
6.93288
0.863744
7.10826
0.888381
7.05761
0.886774
7.78478
0.966203
7.16696
0.89949
7.21617
0.895524
7.42068
0.938957
8.28767
1.04444
7.3314
0.903741
7.67154
0.946401
8.39672
1.06939
7.86809
0.98967
8.3358
1.06768
7.4115
0.926116
7.57929
0.959751
7.09335
0.897958
7.58749
0.960932
7.57082
0.94729
7.22666
0.902303
7.47674
0.955784
7.46737
0.924662
7.78344
0.972998
7.67661
0.981838
7.00128
0.880418
7.33817
0.934821
7.25634
0.919089
7.47974
0.935787
7.65338
0.974155
7.57989
0.951359
7.04475
0.902384
7.45791
0.91616
7.50432
0.954982
8.51355
1.07681
7.76027
1.00986
6.98675
0.879988
7.67982
0.978465
7.66832
0.968539
7.13424
0.899578
8.07326
1.0203
7.54831
0.967343
6.25095
0.767208
7.41616
0.941527
7.83831
0.990506
7.28038
0.917264
7.45721
0.932608
7.02719
0.881149
8.38609
1.07664
7.30366
0.907395
7.44482
0.951213
7.49636
0.93983
6.80574
0.832531
7.64049
0.972743
7.38636
0.939075
7.03943
0.890292
8.52705
1.09418
7.94515
1.00015
8.70717
1.11943
6.73393
0.836507
7.39382
0.942833
8.58361
1.09699
7.57988
0.946066
6.6832
0.82687
6.61704
0.816059
6.77935
0.834529
7.37091
0.932511
7.72408
0.969291
7.83385
0.987475
7.02815
0.88512
7.17871
0.903413
6.89881
0.849695
6.58136
0.806096
7.73705
0.983602
7.39493
0.941713
7.04988
0.867243
7.05775
0.873548
6.8922
0.860614
8.20281
1.0261
7.8052
0.99579
7.71595
0.96985
7.99703
1.01778
7.43491
0.918549
7.18063
0.905905
8.40557
1.08033
7.48059
0.926363
7.41912
0.924267
6.99198
0.876159
7.39586
0.938676
7.70591
0.983101
6.82721
0.84426
7.61809
0.978751
7.23806
0.904478
7.64262
0.987582
7.3876
0.938576
6.99865
0.85945
7.12029
0.890666
7.29229
0.935746
7.97416
1.01475
7.35628
0.905288
7.77019
0.998072
6.5746
0.79857
7.19942
0.892336
7.32153
0.938827
7.22606
0.911409
6.59949
0.807082
6.72225
0.838269
7.41996
0.935544
7.84698
0.991965
7.37271
0.897197
6.99211
0.859586
7.57224
0.946171
6.83012
0.853495
7.07897
0.902564
7.48985
0.950016
7.62966
0.956689
7.35101
0.916453
6.89018
0.872496
7.21499
0.899733
7.28042
0.937113
7.368
0.927655
7.00723
0.885634
7.31543
0.924043
7.26911
0.92217
6.83861
0.87043
6.97273
0.866266
7.03959
0.883275
7.01874
0.886994
7.68729
0.972786
6.65804
0.820675
7.15764
0.914321
7.38811
0.936231
7.35456
0.925734
6.76837
0.837473
7.21303
0.907005
8.65979
1.08938
6.90128
0.863034
8.06864
1.02342
7.46236
0.949504
7.18561
0.923618
7.28069
0.908358
7.82383
0.996557
7.30253
0.908057
7.4175
0.9425
7.31376
0.939997
7.18236
0.902447
7.67495
0.980093
7.04415
0.864007
6.85122
0.851562
7.45585
0.947234
7.32871
0.924258
7.1339
0.910687
6.82858
0.836418
6.94412
0.857459
8.15163
1.05043
7.39544
0.955796
8.06856
1.02071
7.0977
0.885056
6.88982
0.854402
7.11887
0.890065
7.44389
0.936091
7.26881
0.882899
7.38984
0.926213
6.79145
0.833257
7.15436
0.908852
7.28453
0.898636
7.52209
0.945393
7.41497
0.923704
6.68591
0.841795
7.19996
0.907927
7.61116
0.973261
7.38134
0.918865
7.23397
0.914543
7.10985
0.880571
7.45117
0.941227
6.97383
0.870253
6.5977
0.804712
7.82302
0.973953
7.59252
0.959707
8.07799
1.03707
7.45137
0.934591
6.81638
0.841064
7.41413
0.93785
7.27828
0.906469
7.46797
0.94962
7.38639
0.9314
7.84614
0.999172
7.67332
0.978747
7.32186
0.926441
7.20936
0.897713
8.29053
1.05818
6.92688
0.868196
7.36934
0.946708
6.74978
0.840169
6.88462
0.841948
6.53995
0.79228
7.38346
0.9168
6.87593
0.864136
7.98985
1.02089
7.95111
1.01065
7.14612
0.915604
6.78349
0.867123
7.05064
0.87021
7.43518
0.935785
6.97989
0.87585
7.89575
1.00415
7.00625
0.864533
7.60101
0.975458
7.1109
0.882927
7.15138
0.912169
7.51125
0.970581
7.62943
0.974529
7.17294
0.885937
7.39553
0.917467
7.72778
0.972437
7.14268
0.902278
7.12955
0.887295
7.77007
1.00676
8.23386
1.05005
7.44603
0.942373
6.95334
0.863374
7.03904
0.906861
7.07175
0.892005
6.76528
0.862517
7.81588
0.996361
7.27921
0.897489
6.61286
0.821158
6.99689
0.872482
6.89202
0.856917
7.75584
0.983364
7.09507
0.902469
7.87352
0.997734
7.6493
0.974349
7.60631
0.973971
7.03161
0.873359
6.66584
0.81264
7.76302
0.975162
7.41826
0.942154
6.89998
0.868102
7.90376
1.00692
7.20261
0.907897
7.41247
0.921329
7.64581
0.973702
7.95378
1.01093
7.2634
0.906848
8.12465
1.02004
7.29591
0.936173
7.3088
0.934528
7.8118
1.0025
7.18072
0.899027
8.23016
1.05255
7.54482
0.960003
8.4591
1.0757
7.58071
0.967518
8.16099
1.04536
8.32434
1.0782
7.98597
1.03751
6.87625
0.863596
7.23931
0.903782
8.08014
1.02684
7.68915
0.961249
7.07567
0.870848
8.17834
1.03909
8.12858
1.03672
7.22384
0.910513
7.46419
0.94911
7.34281
0.921298
7.30176
0.901536
7.41414
0.932224
7.29402
0.893973
6.97211
0.85442
6.87818
0.867654
7.6008
0.944118
7.62606
0.978614
8.69543
1.12512
7.00985
0.867107
7.55245
0.956316
7.15595
0.913193
7.14347
0.897201
7.85513
1.00277
8.47215
1.08373
7.14
0.89653
6.98414
0.87257
7.17764
0.912506
7.72731
0.991234
7.4693
0.929957
7.46878
0.927829
7.28469
0.917996
7.28592
0.893369
6.74932
0.849261
7.18712
0.915757
7.52403
0.948908
7.3152
0.910327
8.08493
1.00652
7.5648
0.942331
6.87582
0.872315
6.72604
0.820923
6.73135
0.824623
7.19911
0.917099
7.24788
0.912405
7.07017
0.885235
7.20243
0.907096
7.63033
0.973698
7.03672
0.87694
7.29095
0.928685
6.73346
0.8255
6.81348
0.837373
7.65331
0.963629
7.31169
0.921348
7.386
0.931917
6.76181
0.82777
7.99576
1.00971
7.84958
0.997115
7.24015
0.921911
7.5179
0.976171
7.58212
0.971226
7.48376
0.92602
6.97795
0.870545
7.36718
0.9204
6.95452
0.864612
7.64808
0.978442
7.26465
0.907694
7.58934
0.943858
7.12205
0.885295
7.14276
0.888026
7.31028
0.917501
7.86344
1.02003
6.90901
0.872332
6.91433
0.848462
8.36997
1.083
6.99059
0.853355
7.9079
1.01066
7.151
0.902743
6.60811
0.839091
7.20933
0.913244
7.19039
0.902474
7.50364
0.95406
7.80585
0.989523
7.8223
1.00949
7.20784
0.909074
7.24515
0.896211
6.91497
0.861888
7.11516
0.904352
7.68578
0.981696
7.49249
0.950747
7.85087
0.992469
6.5165
0.809966
8.58391
1.10025
6.73383
0.829183
7.50077
0.950756
7.36523
0.936467
7.99542
1.01244
7.71173
0.990578
7.22688
0.914053
8.0358
1.01022
7.7494
0.983086
6.50108
0.801448
6.7683
0.828112
7.4669
0.964659
7.84737
0.982457
7.65516
0.978686
7.84784
0.987794
7.61137
0.969483
7.42349
0.935226
6.92735
0.866318
7.64494
0.944444
7.58817
0.964864
7.13501
0.905604
6.90685
0.845403
6.63466
0.842378
7.8366
0.973805
6.94946
0.869831
6.97759
0.877374
8.11511
1.03804
6.78047
0.832799
8.69379
1.1149
7.21261
0.910302
6.9272
0.864754
6.70708
0.821857
7.64836
0.968899
7.63689
0.974259
6.50767
0.808625
7.20912
0.910435
7.84594
0.998327
6.81921
0.841353
