8.36186
1.08475
7.11391
0.898326
7.05774
0.912698
6.48824
0.858202
6.70613
0.847653
7.9243
1.03124
9.07631
1.15813
6.58216
0.833617
7.76398
1.02495
9.76803
1.24079
7.84872
0.986183
8.85578
1.14986
8.98159
1.18098
5.74376
0.701357
8.28521
1.03542
6.81474
0.837047
10.025
1.31478
9.1665
1.1486
8.79778
1.12819
7.39197
0.910521
10.0495
1.32334
7.69035
0.954222
7.03458
0.905085
8.18106
1.01073
8.68891
1.08498
8.6916
1.08398
9.09369
1.17213
6.4986
0.786653
8.50195
1.02434
6.25088
0.783651
8.12278
1.01095
9.47637
1.19265
8.92811
1.1434
7.7034
0.943705
7.86331
0.985957
9.21931
1.16832
8.9364
1.16109
7.44539
0.950162
6.84309
0.850246
6.39387
0.817155
7.5399
0.95114
6.70628
0.814939
7.05179
0.887956
7.6887
0.961697
6.23063
0.810215
9.65249
1.25446
6.88158
0.870405
6.86497
0.879989
7.07361
0.888243
7.55816
0.956225
5.95542
0.76332
7.16565
0.918707
6.34333
0.807983
6.94723
0.869851
9.68998
1.26369
5.9081
0.706247
7.90947
1.00516
8.28421
1.05844
7.1909
0.890728
8.83033
1.17222
7.23309
0.912854
5.96946
0.743477
5.73218
0.694547
7.74693
0.944155
7.6004
1.00316
7.66238
0.992989
6.768
0.862373
8.72413
1.12054
7.6937
0.978414
8.66764
1.10033
6.06459
0.767609
6.67165
0.841548
7.48487
0.965859
8.90843
1.14561
8.12946
0.99824
7.91914
0.995766
6.09781
0.759525
7.75267
0.979334
8.38967
1.03137
5.89025
0.736
6.64682
0.816429
9.6884
1.25018
8.45591
1.07668
7.9895
1.03705
6.90536
0.849629
6.83946
0.882675
8.15575
1.05046
7.80122
1.00851
7.33101
0.913401
6.62922
0.864804
6.96513
0.894613
8.68225
1.07779
7.65235
0.97556
7.15713
0.894415
7.72353
0.964495
7.71308
0.966137
7.97718
1.03228
10.6814
1.39208
10.4355
1.35175
6.11163
0.737438
8.54397
1.07537
8.72944
1.10011
7.66939
0.947451
6.57805
0.837462
8.89234
1.13809
9.53885
1.21433
7.62237
0.901285
6.00909
0.760064
8.49585
1.0833
6.96285
0.838382
6.68423
0.850849
8.07776
1.01288
10.6515
1.41154
7.69393
0.942568
6.58875
0.842474
7.53694
0.930401
7.79398
0.955784
5.36891
0.651633
10.1187
1.27849
8.21769
1.04054
6.82378
0.84443
5.20977
0.638226
6.71562
0.80914
8.00489
1.03837
7.72589
0.963078
5.79331
0.725804
9.39208
1.22203
8.27927
1.05728
8.58258
1.09291
8.68807
1.10967
8.12255
1.06475
8.27644
1.05118
7.8813
0.979998
9.89779
1.2493
9.63198
1.23827
10.0398
1.2949
9.11946
1.19385
7.86964
1.01905
5.57976
0.681408
7.12213
0.929859
7.38786
0.897435
8.02343
1.04218
8.90541
1.13683
7.3266
0.932078
6.74972
0.855963
8.57393
1.07751
5.97238
0.713012
6.88674
0.859223
5.84965
0.714152
8.04746
1.06426
8.8173
1.14192
5.67737
0.735024
9.78904
1.30616
6.51887
0.854518
7.15428
0.880802
7.68011
0.977123
6.91965
0.878437
8.41894
1.09891
6.88203
0.880108
7.99801
0.976421
9.75357
1.27249
7.93797
0.991504
6.2314
0.749302
7.29045
0.909145
8.88657
1.09147
6.22977
0.765923
7.40218
0.92826
6.10939
0.766051
6.54857
0.805993
5.67871
0.723231
6.64707
0.837873
5.21682
0.630529
7.04923
0.870334
6.84602
0.868419
7.26502
0.90573
7.28442
0.915196
7.95863
0.970245
8.55927
1.06296
7.68118
0.945603
10.0119
1.28655
8.0816
1.05011
7.25656
0.86157
6.70062
0.834151
7.08715
0.906113
9.57811
1.20873
7.3036
0.944712
8.0517
0.988503
6.89145
0.869331
8.40086
1.04492
10.0621
1.29433
6.46349
0.792503
9.74819
1.26537
5.13247
0.613836
8.11717
1.01602
6.58176
0.803446
6.4586
0.821398
7.62069
0.959137
10.7666
1.40609
7.36151
0.91522
8.4576
1.10001
9.19751
1.18639
7.21135
0.938826
8.39789
1.0606
11.5626
1.56144
9.24206
1.17539
6.9404
0.866903
8.52677
1.09643
5.9834
0.738293
9.14376
1.19983
7.27268
0.91754
9.49463
1.2469
7.30225
0.936569
8.9507
1.16399
6.77488
0.862798
6.61507
0.803306
8.00636
1.01592
6.61488
0.826876
8.30067
1.09377
9.14709
1.17296
11.4949
1.523
7.74642
0.91791
6.23904
0.794503
7.44027
0.947845
8.05594
1.01067
5.68612
0.692651
8.27688
1.09543
7.16912
0.917043
6.97281
0.921116
6.88977
0.879377
8.29623
1.07424
8.4233
1.0541
7.37958
0.916972
8.67094
1.10283
8.5446
1.11697
9.51844
1.27578
9.52649
1.17685
7.47224
0.919818
7.30813
0.905103
8.34718
1.06645
7.19569
0.937387
7.05305
0.902829
6.04206
0.740601
8.46113
1.0591
6.84657
0.842884
6.46988
0.775069
7.01488
0.863178
6.59524
0.845058
6.75698
0.831748
9.04598
1.16756
7.65539
1.00294
8.83821
1.13543
9.15236
1.12873
6.8463
0.810274
9.5355
1.24853
7.08723
0.908705
6.42024
0.808073
8.53634
1.13803
6.9203
0.871155
7.47291
0.935929
8.15741
1.05996
8.46517
1.07498
8.10334
1.04548
8.99414
1.1934
6.10332
0.751686
7.48148
0.920724
9.0402
1.14989
8.27337
1.04878
7.88476
1.00298
7.9476
1.00359
7.04744
0.896496
8.97271
1.19996
7.63932
0.99494
6.37725
0.82183
7.33011
0.933888
7.35628
0.912958
9.28576
1.17817
7.37669
0.900094
6.52367
0.816655
8.61718
1.10304
8.08607
0.99976
5.36712
0.65344
6.71243
0.870173
6.95366
0.884454
8.26532
1.02178
6.79475
0.830315
8.70691
1.10663
9.67184
1.23118
8.02193
0.967924
6.08964
0.785916
9.91438
1.25704
8.89831
1.12863
8.41364
1.09387
8.82035
1.15688
8.92907
1.16094
7.90209
0.963816
7.38626
0.919792
8.4699
1.06796
9.01125
1.15195
9.01562
1.15344
8.86534
1.14531
5.84361
0.73818
7.12314
0.934796
9.56122
1.2342
10.1997
1.29497
8.53058
1.10117
7.84069
0.961028
11.3752
1.51387
9.77527
1.24089
8.64842
1.11153
7.8517
0.96439
9.12765
1.1932
6.44495
0.852644
6.91531
0.83786
6.20467
0.756918
5.43239
0.679717
7.54976
0.947188
9.38708
1.21766
6.72062
0.802227
6.9514
0.838747
6.32901
0.766566
7.37761
0.963106
7.16769
0.882159
6.55678
0.826881
8.91399
1.14245
8.73904
1.11775
6.11993
0.747714
7.27319
0.922901
9.89592
1.26459
9.51312
1.2336
7.75004
1.00945
6.05698
0.759789
7.08841
0.921244
7.69044
0.978955
7.25782
0.920718
6.5609
0.830044
11.0006
1.45603
8.84307
1.13314
9.50909
1.2548
6.62367
0.789033
6.82288
0.824768
6.53769
0.832019
6.67827
0.841738
6.67174
0.855703
7.27014
0.873984
7.64545
0.985727
6.83874
0.810859
8.30938
1.04466
7.03352
0.895376
7.30514
0.936485
9.36626
1.2138
6.70383
0.831481
10.7309
1.40314
7.85307
0.973071
8.20077
1.04679
5.86664
0.733181
6.59969
0.796027
5.95389
0.718236
8.54052
1.05809
7.03996
0.892939
9.15432
1.14039
5.65886
0.702383
7.86311
0.948225
8.29514
1.01984
6.93168
0.88334
5.61632
0.679849
7.69007
0.941485
7.65917
0.958264
11.0254
1.43281
8.16476
1.07488
6.55554
0.854847
9.10759
1.17954
7.56063
0.917998
8.48487
1.11012
9.13086
1.16154
6.40357
0.798951
8.85734
1.11343
8.11523
1.02416
6.76397
0.824854
6.39173
0.796051
6.93963
0.896117
8.56158
1.08415
7.90783
1.02834
6.16393
0.817504
7.63008
1.01946
6.29562
0.783634
6.44113
0.773951
7.59759
0.989906
7.68814
0.959485
5.8511
0.731853
8.62086
1.11443
6.0826
0.789155
7.29067
0.925656
7.98389
1.0003
7.00394
0.872444
7.59059
0.914279
6.69169
0.843929
6.61313
0.869388
6.76555
0.821232
10.3094
1.32782
10.1987
1.32738
6.39906
0.790752
6.71152
0.817854
7.3397
0.912885
9.56998
1.22606
8.19905
1.0483
6.04627
0.733372
9.37865
1.17601
6.32264
0.795827
10.4011
1.37448
8.82983
1.12235
9.65748
1.26223
7.17741
0.919409
9.60034
1.22937
6.14851
0.753898
6.92883
0.910096
6.27903
0.777937
6.9356
0.890948
10.7024
1.36682
7.78257
0.982745
7.44554
0.974043
7.72859
0.98512
6.33529
0.759894
6.3383
0.819245
7.59873
0.953279
9.26318
1.15883
7.28528
0.916699
7.12708
0.86395
5.77367
0.69876
9.75186
1.24749
8.65509
1.09061
8.95663
1.12573
6.02116
0.772659
8.92357
1.16485
6.6142
0.836037
7.0721
0.919358
6.71062
0.826035
7.3763
0.899682
7.34069
0.966569
8.22191
1.07273
5.99223
0.73911
8.2413
1.02587
7.72787
1.01418
8.93901
1.17099
8.93466
1.15464
7.35261
0.942114
7.58451
0.974728
6.68326
0.85982
5.91895
0.750363
7.69754
0.930558
7.56177
0.934619
5.81392
0.713446
8.90896
1.11087
8.03253
1.03215
10.5006
1.3708
9.11234
1.18155
8.59641
1.12747
6.85889
0.878233
8.33722
1.05352
8.67068
1.10581
7.41443
0.961559
8.9442
1.16213
9.37779
1.21882
7.18978
0.866385
9.7466
1.27734
8.22668
1.04088
7.44841
0.930356
7.91669
0.967764
7.21682
0.941604
8.01863
0.999926
6.70878
0.838936
8.16665
1.03458
6.19418
0.781688
9.20157
1.22379
9.7811
1.26514
7.55965
0.978221
6.69258
0.864552
6.38473
0.792286
7.81791
0.943974
7.09859
0.897204
6.86584
0.816143
7.82989
0.949625
5.59876
0.718561
6.01161
0.741387
7.21764
0.883108
7.11978
0.900482
8.72843
1.13177
9.083
1.17271
8.45505
1.07113
9.9762
1.30323
8.24908
1.04392
8.19956
1.00946
10.2771
1.32556
8.73003
1.06055
7.071
0.902417
8.46891
1.06478
7.69413
0.986532
6.96955
0.892462
5.63186
0.684991
10.0871
1.31964
9.10408
1.17424
7.06628
0.895195
9.03317
1.16493
9.32986
1.19784
9.28373
1.15544
7.41761
0.906992
7.39025
0.945731
9.43188
1.26085
7.3309
0.91666
7.82147
1.01123
6.80205
0.812784
8.88253
1.12195
8.47089
1.06984
9.23226
1.16431
8.26694
1.07697
6.63276
0.843106
8.88995
1.13166
9.04717
1.14353
8.31321
1.09851
8.12991
1.03769
7.8195
1.00069
7.465
0.962292
9.66568
1.24516
9.80881
1.27564
6.8895
0.873189
7.22267
0.891093
8.79927
1.15443
9.37209
1.23162
7.72099
0.990363
7.20853
0.901395
7.16135
0.92803
7.20773
0.859063
9.90541
1.2714
7.51283
0.909605
9.50927
1.18082
7.87961
0.987594
7.41716
0.928567
5.91183
0.747632
7.59806
0.989632
7.87693
1.00561
8.2024
1.04373
6.07355
0.735089
6.34859
0.780094
8.45449
1.06643
8.62266
1.11122
8.82906
1.15111
7.00309
0.872975
5.47546
0.66214
6.0193
0.744172
7.35596
0.932776
7.31827
0.946973
5.7891
0.750783
6.67624
0.800252
9.37944
1.23407
8.85069
1.13449
7.08731
0.901855
8.7666
1.15274
6.19125
0.775103
6.10458
0.771262
9.16823
1.15622
7.50859
0.948757
6.88622
0.877843
6.57138
0.848858
8.65312
1.12257
7.74155
0.954205
7.20187
0.876833
7.0307
0.914873
9.8214
1.30395
8.58334
1.0949
8.46836
1.05334
6.98938
0.885777
8.05402
1.03357
6.66417
0.847776
6.97796
0.898621
9.33414
1.1975
7.49818
0.977821
7.09202
0.856978
8.63054
1.04395
8.76617
1.13319
8.50446
1.08484
8.78228
1.14678
6.6218
0.8545
8.94017
1.16116
6.15607
0.794175
7.60239
0.957454
5.90403
0.74164
6.49793
0.849881
8.02954
1.04317
8.27616
1.05317
6.90014
0.883828
7.19385
0.877769
8.38635
1.05654
7.78104
0.97356
9.16391
1.15675
6.30638
0.806536
6.35636
0.802322
7.97815
1.00383
6.82792
0.842406
10.4022
1.34076
5.95901
0.7597
8.12159
1.02526
7.17421
0.938278
9.22094
1.19192
7.0601
0.858592
7.16921
0.933126
8.0796
1.06367
7.56684
0.946386
7.11666
0.872579
6.78448
0.87448
6.67098
0.85329
6.11271
0.758083
7.42611
0.931171
6.80348
0.86356
8.76735
1.12401
7.13855
0.878085
9.52559
1.20298
9.65735
1.27315
8.12652
1.01317
6.20963
0.794687
7.11393
0.89864
7.7921
1.00557
8.64902
1.0999
5.97649
0.745522
6.79247
0.853599
10.2815
1.35195
6.72273
0.85037
7.14391
0.862862
9.42178
1.20812
8.11246
1.05318
7.55854
0.947152
9.41334
1.23243
7.88752
1.03816
7.55655
0.942295
6.63974
0.856393
8.41818
1.09137
5.90778
0.716385
7.37678
0.901036
6.6696
0.845616
6.98674
0.845717
7.79189
0.968715
7.34036
0.937107
8.56547
1.10018
8.52819
1.07798
8.10519
1.06124
8.11738
1.05778
8.56721
1.12576
6.19968
0.754909
9.01046
1.12416
6.8621
0.875599
7.08989
0.883573
5.869
0.730074
7.97407
1.03599
8.68078
1.10554
6.84294
0.854672
8.3615
1.06506
7.07363
0.880006
9.48068
1.21234
9.04342
1.14551
6.49247
0.835864
7.84485
0.967038
7.75782
1.00714
7.62442
0.975024
7.08121
0.913744
6.44432
0.801965
6.55864
0.822463
8.17852
1.04412
7.06538
0.867744
6.91864
0.857496
9.06954
1.13051
7.17843
0.905951
7.91128
1.00475
7.43446
0.917263
6.92194
0.89323
8.49838
1.08323
7.87905
0.995272
8.6448
1.09677
10.2412
1.32672
8.16029
1.10043
5.92414
0.740079
7.16495
0.87469
8.18549
1.05299
6.71449
0.835239
7.54331
0.945887
5.77266
0.696198
7.78358
0.996994
7.18703
0.8966
7.24201
0.94816
7.1082
0.895984
7.96053
0.976086
7.80078
1.03603
8.08946
1.04186
7.83616
1.02244
7.30013
0.921507
5.32775
0.658244
8.32236
1.08127
8.54133
1.06199
7.67894
0.98442
5.97005
0.754194
10.0351
1.29941
9.25311
1.19728
7.27382
0.903854
6.64847
0.800969
7.99985
0.999463
7.15512
0.872607
7.8801
0.982318
6.65302
0.857879
8.77446
1.09022
7.86812
0.981793
8.13337
1.04565
7.24362
0.91152
7.93802
1.01144
7.06201
0.861531
10.0689
1.2921
7.96624
1.02454
6.82955
0.836061
6.22947
0.741953
8.22315
1.03411
7.86796
0.993698
7.44386
0.963973
7.72366
1.00694
9.79659
1.264
7.47447
0.945204
7.33375
0.888033
8.86011
1.11137
8.36919
1.06405
7.95155
1.00999
8.03358
1.04797
7.23267
0.930321
8.48116
1.08844
8.32831
1.04221
7.75508
0.949713
8.45409
1.02326
6.73758
0.837293
10.0093
1.31466
6.88558
0.871972
7.10368
0.856158
7.97767
1.00806
7.2426
0.939155
7.155
0.938556
7.46335
0.922661
6.18038
0.74935
7.75397
0.997707
9.72863
1.24884
8.54909
1.12775
9.26896
1.21194
6.15877
0.79799
8.80375
1.122
7.07856
0.87836
7.25453
0.896674
7.69538
0.976189
7.65488
0.928806
10.0756
1.28978
8.37714
1.06849
5.60056
0.666672
8.07489
0.989398
7.52318
0.974142
6.39778
0.797611
11.7316
1.589
6.50639
0.767312
7.04802
0.866006
8.3663
1.05295
7.64447
0.96396
9.59285
1.23962
11.1818
1.46486
7.44332
0.960134
8.89918
1.16102
11.0718
1.47711
9.46747
1.225
8.29139
1.01183
8.35119
1.04791
7.16551
0.915507
8.29816
1.03282
6.16152
0.795099
9.05752
1.14947
8.84418
1.14841
7.29434
0.873555
8.59592
1.12199
6.97871
0.880233
7.29987
0.888842
6.70884
0.850507
7.67789
0.972591
7.05518
0.895034
11.0328
1.40778
6.76524
0.824999
8.84059
1.14308
7.66671
0.921504
5.97986
0.743905
5.79482
0.721524
6.49316
0.773248
9.22709
1.18323
8.69895
1.13668
8.49956
1.11328
8.13177
1.06335
9.14928
1.18326
6.91591
0.876922
9.72271
1.25484
7.09384
0.907659
9.61405
1.26572
6.31683
0.813521
6.19788
0.73514
8.04358
1.0417
7.47283
0.900625
7.61515
0.946345
7.59197
0.993445
5.80373
0.707698
9.70743
1.27839
9.52039
1.25554
8.78433
1.11459
7.47419
0.963945
7.84173
0.998097
8.11512
1.02249
7.68031
0.98469
10.0049
1.2723
8.01806
0.997267
6.12245
0.778261
5.90057
0.708938
5.95058
0.718596
7.88455
0.993208
6.15645
0.761476
8.32792
1.08961
8.0425
0.998327
7.82648
1.0145
8.93231
1.13841
6.74558
0.878672
9.1918
1.22156
6.05575
0.730437
7.07988
0.879608
6.68843
0.823624
6.33011
0.794215
7.03227
0.881501
10.53
1.371
8.25111
1.04208
6.41091
0.80342
7.88431
0.974552
8.16738
1.05952
6.9173
0.885619
7.52687
0.913059
8.56641
1.03663
7.51079
0.926637
9.69533
1.25834
8.41207
1.08212
9.03846
1.17908
8.86624
1.09854
6.76991
0.872457
8.7185
1.13968
7.5017
0.931992
6.12605
0.769056
6.42488
0.81073
8.15444
1.02534
8.25977
1.03769
7.3437
0.94454
9.13059
1.17422
5.97263
0.708416
8.64331
1.11428
6.6317
0.843325
7.89491
0.985461
8.88895
1.12885
7.83957
0.970389
6.83505
0.841545
7.81895
0.993063
8.50783
1.06242
7.04836
0.877749
8.451
1.09693
6.59821
0.826237
8.2942
1.08651
6.56104
0.826109
6.45773
0.822953
7.64419
1.00142
7.37661
0.907017
6.90422
0.84227
6.65076
0.855046
6.88031
0.86644
7.81251
1.00427
6.32098
0.819625
6.76226
0.885603
6.25117
0.811578
8.71095
1.09994
7.20098
0.910226
10.2554
1.34039
8.60023
1.0894
7.7768
0.999696
6.07313
0.736343
8.68196
1.11795
7.47438
0.939106
7.45276
0.927172
6.95684
0.851556
7.33188
0.923291
7.9357
1.0085
6.65267
0.832738
6.37398
0.789438
7.00208
0.856571
8.63731
1.08349
8.38183
1.09445
11.6311
1.51973
9.45536
1.22246
8.39938
1.10971
7.15099
0.876532
7.66199
0.971024
8.43262
1.10004
7.52797
0.932672
7.99366
0.990265
5.90908
0.760365
6.22191
0.752863
6.90198
0.825538
7.82465
0.966648
7.26215
0.898734
7.49427
0.970645
8.50167
1.05204
6.61898
0.852982
6.25713
0.789841
8.59943
1.09232
8.39358
1.10332
7.73662
0.990716
8.00816
0.96841
9.92845
1.29752
6.19027
0.784262
8.41479
1.09941
6.10897
0.775121
9.07602
1.14668
6.38842
0.777452
7.65398
1.00201
8.30188
1.01876
7.87145
1.01594
6.62217
0.846103
6.04242
0.758779
9.66797
1.23352
7.86165
0.997417
6.64733
0.815708
7.79998
0.967939
7.18904
0.907816
11.4101
1.50685
7.05613
0.90425
7.41438
0.955167
8.96812
1.13839
7.89841
1.00924
9.17346
1.19096
9.7297
1.24159
8.49099
1.09384
9.38121
1.23981
7.8211
0.957955
8.35632
1.07173
6.94004
0.891529
9.02271
1.15667
8.24101
1.04813
6.93674
0.892338
7.59479
0.942362
9.83846
1.26712
6.84731
0.844901
7.37631
0.899709
7.67796
0.991077
7.79925
0.963895
9.44993
1.21919
6.2336
0.770943
6.44498
0.78225
8.21892
1.06911
9.68756
1.24964
8.44337
1.09142
8.31016
1.01639
6.55565
0.794985
5.74885
0.69175
7.44669
0.945592
7.47892
0.945633
8.17281
1.04153
8.31396
1.0896
5.77721
0.706822
8.71696
1.12479
5.83837
0.717738
8.88241
1.13861
6.61787
0.850204
7.9951
1.0312
7.17158
0.886906
9.05216
1.18684
6.89816
0.845797
8.04709
1.01352
8.5287
1.08346
9.63305
1.22514
8.33751
1.08314
6.17403
0.796326
8.14598
1.01518
8.76398
1.12334
7.84832
1.04733
10.8493
1.4313
8.05853
1.002
6.90414
0.849974
6.2434
0.779856
6.82282
0.883533
6.01151
0.735955
7.80567
1.02229
6.72917
0.851141
7.2119
0.91197
6.83502
0.863534
6.18443
0.770191
7.69499
0.96577
8.18169
1.01431
7.15398
0.87971
7.7803
0.989728
6.53629
0.816405
8.00699
1.02338
5.84396
0.739705
6.7914
0.855746
7.24645
0.901729
