7.29193
0.915729
7.76226
0.991163
6.87156
0.872602
6.42317
0.809648
7.22096
0.886164
8.63912
1.12227
7.8335
0.99071
7.72274
1.00039
7.31058
0.938215
7.02202
0.85331
7.18503
0.90183
8.21622
1.03352
7.13566
0.910325
7.44372
0.944125
7.53462
0.916733
7.74377
0.988026
6.63217
0.810188
6.53168
0.803609
7.22936
0.899988
7.13731
0.905747
7.31888
0.909263
7.7224
0.974612
7.79484
1.00412
6.76563
0.832831
7.53608
0.95478
7.67902
0.973957
6.91332
0.890014
7.27599
0.890448
7.91322
0.98884
6.96074
0.860145
7.10094
0.910544
8.85881
1.12364
7.55783
0.974246
7.17472
0.889757
6.94107
0.872932
6.88274
0.889272
7.08595
0.875823
7.86898
0.999883
6.52311
0.808304
6.90494
0.851896
7.42574
0.914496
7.53915
0.945577
6.8707
0.861616
8.95281
1.15297
7.16839
0.87835
6.94588
0.85272
8.0188
1.02209
7.13003
0.892017
8.35932
1.04102
7.1822
0.882972
7.82641
0.990916
6.68121
0.816087
9.03383
1.15151
6.43176
0.804888
7.01637
0.873468
7.34513
0.915779
7.60261
0.971454
7.26052
0.903205
7.37892
0.931942
7.81731
0.965359
7.43274
0.949999
7.27182
0.909256
6.42059
0.812837
8.12464
1.02051
7.75906
0.966086
7.70666
0.966085
7.30199
0.927553
6.7111
0.833534
8.66947
1.09692
8.43656
1.0777
6.88272
0.844119
7.63803
0.977729
7.35746
0.946217
5.9374
0.737965
7.83364
0.987228
8.24562
1.05398
6.88509
0.879096
6.78765
0.863963
6.98407
0.894558
8.77984
1.12341
7.81244
1.00329
8.29703
1.0696
8.25892
1.03626
7.15578
0.924022
7.72923
0.981092
6.35831
0.7915
8.13874
1.02718
7.66061
0.976655
7.37884
0.933095
7.9005
0.979148
7.78164
0.991901
6.6531
0.824883
6.90613
0.848474
8.52833
1.08487
7.34541
0.92622
6.65718
0.822065
6.69131
0.822432
8.12946
1.04476
7.52805
0.949718
6.70855
0.819284
7.18556
0.911352
7.08387
0.905495
9.0697
1.16771
7.28368
0.924457
7.27722
0.915183
8.44446
1.07737
6.73974
0.850885
7.73832
0.972795
7.83273
0.980983
7.83269
0.985557
7.07269
0.899165
7.17106
0.908259
7.50103
0.956449
7.87399
0.996217
7.72516
0.989373
7.74872
0.980193
7.61578
0.959859
7.85661
0.977794
7.78297
1.00859
7.41679
0.94977
6.41335
0.787535
6.90346
0.842043
7.86501
1.01531
7.5161
0.936856
7.57342
0.953373
8.74553
1.1216
8.63708
1.10321
7.07511
0.868888
8.27264
1.04186
6.69402
0.850564
7.4765
0.962995
7.5088
0.948392
8.14603
1.03747
7.86673
0.994121
8.16479
1.05173
6.82303
0.86503
7.06268
0.903689
7.135
0.886554
7.77865
1.0085
7.61715
0.99072
7.02586
0.865106
7.02366
0.877601
7.49186
0.947444
6.58504
0.813958
6.82792
0.860886
7.67226
0.98114
7.62536
0.953271
6.41928
0.787581
8.56138
1.09132
7.22089
0.93355
6.96472
0.878557
6.84148
0.842616
7.66255
0.955312
8.13802
1.02552
7.62269
0.974862
6.54987
0.811673
8.16685
1.04384
7.01584
0.867815
7.49886
0.94988
7.04153
0.898723
6.90402
0.857749
6.92784
0.87112
6.49881
0.79198
7.1652
0.913921
6.93721
0.887636
9.22026
1.17784
6.95838
0.864525
7.51444
0.940919
7.06662
0.874835
7.11988
0.907985
6.69526
0.856016
7.31997
0.924395
7.43884
0.941876
7.42828
0.918604
7.59787
0.943514
7.83462
0.990583
7.04268
0.888227
7.11017
0.906461
6.47562
0.79953
7.63437
0.958109
6.84242
0.859305
6.88386
0.842228
8.04918
1.03522
6.69283
0.82753
7.81185
0.965769
7.06766
0.88556
7.4492
0.947713
8.2763
1.04353
7.83286
0.988813
7.39772
0.926537
7.27472
0.901516
7.0912
0.896971
6.86729
0.878745
7.89518
1.013
7.71686
0.997434
6.92838
0.845465
7.45337
0.954151
7.42458
0.948591
7.30951
0.907847
7.12719
0.911733
7.57635
0.964235
7.40375
0.951486
7.67315
0.966878
7.72131
0.960559
7.46752
0.962714
6.37783
0.792688
8.28294
1.06922
8.26391
1.05349
7.3613
0.941456
6.48545
0.790225
6.97351
0.857054
7.61297
0.98823
7.29627
0.931262
7.38412
0.923457
7.20956
0.914814
7.09183
0.884221
8.65393
1.12725
7.34507
0.920721
7.59364
0.97089
6.8907
0.843335
8.03456
1.02032
8.00687
1.02082
7.10507
0.879421
7.33433
0.930419
7.74856
0.977901
7.68709
0.977741
7.37371
0.916488
8.72382
1.10945
7.42999
0.949437
8.65076
1.12151
7.45685
0.932546
7.21574
0.896186
6.32937
0.777197
6.96495
0.863884
6.69651
0.818689
8.14497
1.05324
7.52004
0.95655
7.82785
1.00837
7.90664
0.986573
7.92547
0.989785
6.3031
0.770838
7.00032
0.88498
6.37358
0.778543
7.13494
0.896405
7.41387
0.9396
7.8373
0.988269
7.49016
0.954495
6.71243
0.820396
7.69837
0.989006
6.42094
0.777095
6.65989
0.825955
7.64111
0.973969
8.45735
1.0945
6.70168
0.819804
7.74214
0.979705
7.79171
0.980936
6.76684
0.856379
7.79371
0.999549
7.93758
0.993949
7.39732
0.945952
7.44535
0.937288
7.33176
0.910457
7.48128
0.933936
8.0087
1.00672
7.15436
0.888838
7.32778
0.916561
8.44561
1.07909
7.22339
0.905355
6.26003
0.758857
7.67422
0.98657
6.5619
0.816721
7.6857
0.97258
7.73696
0.994396
6.74539
0.839276
7.55804
0.94956
7.33292
0.926081
6.96516
0.85557
7.40925
0.962649
7.64211
0.96198
7.43839
0.955404
7.52471
0.944649
9.9891
1.30602
8.09874
1.02205
7.88969
0.998221
6.72847
0.845711
7.74117
0.954354
8.8576
1.14957
7.36797
0.942437
7.1235
0.887424
6.62441
0.821398
7.19456
0.923557
6.15128
0.753121
6.9945
0.857059
6.65227
0.810173
7.21458
0.893097
7.2297
0.886016
8.06419
1.03324
8.37804
1.05062
7.37424
0.921814
8.51206
1.09795
6.70933
0.82325
6.97696
0.898257
6.98801
0.872687
6.22277
0.758022
7.44199
0.928797
7.14789
0.904607
6.93838
0.856045
6.48743
0.815479
6.79628
0.822822
7.33092
0.902155
6.86767
0.865779
7.94834
1.00473
7.8944
0.965229
6.66094
0.821719
6.47475
0.814154
7.26987
0.896538
7.29917
0.925943
7.19369
0.93248
7.60339
0.971004
6.85756
0.86971
7.14835
0.900291
6.60216
0.811937
8.45754
1.07775
8.20096
1.05874
7.56114
0.92806
8.67738
1.09671
7.93372
0.995723
6.38266
0.802778
7.06809
0.864666
7.35285
0.91567
7.60143
0.950448
7.41052
0.949154
7.28493
0.913422
6.64156
0.847007
7.78506
0.9953
6.85954
0.866473
7.43504
0.932764
7.27894
0.922687
7.79275
0.963422
8.19837
1.06069
7.05595
0.87611
6.55642
0.821186
7.70267
0.982871
7.33044
0.910634
7.33922
0.945793
7.04591
0.901899
7.00923
0.913875
7.60321
0.97707
7.13604
0.907623
7.8156
0.999204
7.76148
0.999973
6.95486
0.864072
8.74688
1.13781
7.42659
0.91722
8.39115
1.0801
6.9845
0.850415
6.71496
0.840046
7.07299
0.883905
7.55273
0.955084
7.84382
0.996711
8.04901
1.01698
7.27166
0.917479
6.89404
0.864499
7.49489
0.950957
7.28687
0.89609
7.87354
1.0274
7.47199
0.9409
6.46234
0.79693
7.03911
0.874248
7.70685
0.987972
7.47552
0.93564
7.56316
0.956847
8.14377
1.04993
7.05842
0.859555
7.4093
0.919867
6.41714
0.805738
6.91701
0.88125
7.98421
0.995704
7.70537
0.977967
6.74829
0.839099
6.72378
0.81679
7.10699
0.909264
7.50062
0.972544
7.28852
0.905666
6.79541
0.833071
7.1599
0.89185
6.99995
0.864915
6.60678
0.813398
7.70316
0.983381
6.53752
0.818907
6.8006
0.842337
7.16461
0.914136
8.35348
1.06797
7.13877
0.906782
6.89989
0.885954
8.41038
1.0615
6.63963
0.843246
7.63776
0.977984
7.461
0.956202
7.73598
0.971618
8.14322
1.03104
7.35055
0.914959
7.26174
0.917034
7.36325
0.925616
8.29169
1.05604
8.10334
1.04164
6.62838
0.840489
8.69269
1.10761
6.7227
0.822093
6.63417
0.81158
6.8456
0.85669
7.91042
0.97493
6.91185
0.871786
6.39599
0.780731
7.2939
0.928149
7.48762
0.93265
9.54337
1.23728
7.76473
0.986616
7.82672
0.979438
7.95675
0.996155
7.55031
0.94665
8.83127
1.12091
8.27848
1.03524
6.96396
0.879199
7.29701
0.938214
8.49464
1.0982
7.64441
0.964986
6.85514
0.850534
7.61067
0.975486
7.60304
0.960127
7.14988
0.925233
7.0614
0.900801
7.73641
0.979742
7.99419
1.00942
7.11926
0.888955
7.28396
0.922966
7.77175
0.975979
8.13442
1.04476
7.20656
0.918129
8.35906
1.06057
7.29641
0.899865
7.71873
0.979622
7.69415
0.956433
7.22415
0.894553
7.83382
0.982583
7.96599
1.0129
7.59469
0.959542
7.68882
0.986038
7.6083
0.95523
6.78514
0.842551
7.19815
0.889183
6.77819
0.858704
8.66588
1.11635
6.7693
0.85386
7.32102
0.940466
6.88722
0.87136
7.73683
0.976634
7.20385
0.899783
7.043
0.886307
6.53808
0.815043
7.23306
0.902249
6.57296
0.832449
7.30615
0.929485
9.34642
1.20716
6.84492
0.879761
6.72962
0.834586
6.70749
0.812919
7.05278
0.895898
8.49528
1.09491
6.86917
0.837334
7.19973
0.886603
7.24786
0.901896
7.55787
0.968863
6.98521
0.858798
7.0694
0.865991
8.13703
1.028
8.03965
1.02946
6.60094
0.846085
8.32189
1.06911
7.78122
0.977771
7.24387
0.892702
6.98527
0.874752
6.47992
0.814687
6.65105
0.819046
7.1026
0.87005
7.61362
0.937536
6.18306
0.759829
8.35499
1.07852
7.85785
1.01224
7.02778
0.858805
7.35274
0.928897
7.68857
0.949803
7.4872
0.925722
7.24128
0.891196
9.34083
1.21457
8.88797
1.12405
7.81311
0.979836
8.28263
1.06998
7.50448
0.916732
8.20162
1.0488
6.43973
0.800667
6.71765
0.842172
6.48331
0.816484
7.96986
1.02434
7.49865
0.931468
7.21115
0.928186
7.30794
0.903038
7.51459
0.930098
8.43837
1.08195
9.04455
1.16342
6.4139
0.790243
7.12221
0.910771
7.68698
0.976573
7.65463
0.965065
6.99685
0.848383
7.09909
0.875449
7.3582
0.922348
6.35197
0.780865
6.41256
0.784697
7.11919
0.895666
7.17929
0.891326
7.91504
1.02687
6.94298
0.882884
8.60005
1.09586
7.02268
0.85894
6.63063
0.809803
6.74259
0.824663
6.69192
0.833306
7.28237
0.891279
7.91001
0.996353
8.71361
1.13919
8.34461
1.06727
6.86545
0.848821
6.98682
0.873055
7.44858
0.92172
7.02559
0.9046
8.56668
1.10125
7.31454
0.908461
6.58502
0.821068
6.56694
0.840468
7.2402
0.925868
8.35788
1.07355
7.81715
0.990053
8.45529
1.08648
6.90104
0.880527
7.69655
0.980764
7.05951
0.881137
7.36884
0.935407
7.21505
0.899162
7.57278
0.973129
7.49663
0.927053
7.1485
0.889451
7.88726
0.994911
7.22692
0.903233
7.43158
0.940337
7.0772
0.885871
7.51566
0.952215
6.80026
0.82916
7.62966
0.963499
6.86229
0.859441
8.79213
1.12543
6.2476
0.775468
7.17926
0.910538
7.39609
0.914103
7.67352
0.976369
7.33647
0.926513
7.91529
1.00451
7.11277
0.891523
6.71392
0.833404
8.77784
1.1169
6.54033
0.816021
7.24145
0.894894
6.91632
0.847528
6.87084
0.885596
7.73137
0.964166
6.80812
0.845937
7.46692
0.961684
6.78943
0.883265
6.84833
0.840678
7.0734
0.880426
7.7829
0.970132
8.22994
1.07444
7.05913
0.881295
8.62812
1.10595
7.42823
0.928238
6.65049
0.828775
9.3129
1.21559
8.53755
1.08699
7.06719
0.909619
7.28172
0.895598
6.72396
0.83782
7.10131
0.917717
7.08766
0.909326
6.89076
0.864919
6.90976
0.858664
9.54308
1.22403
8.90672
1.14988
6.30422
0.79721
6.79349
0.864545
7.26031
0.912448
8.53535
1.10775
7.07519
0.894368
8.12834
1.009
7.38247
0.934953
6.61961
0.828347
6.49901
0.7956
8.49328
1.09891
6.89997
0.843781
7.47298
0.929464
6.42605
0.779892
7.86165
1.0027
7.26723
0.919779
6.83093
0.83787
6.93919
0.873365
7.30739
0.923508
8.12155
1.04198
8.28438
1.06256
8.4709
1.07795
7.00434
0.883248
7.35776
0.923353
7.04426
0.878166
7.80039
0.985574
8.45173
1.08235
7.75873
1.00704
7.03905
0.871212
7.27067
0.903907
6.7266
0.854532
7.28201
0.898748
8.31628
1.0688
6.86934
0.847883
7.56467
0.963908
7.44333
0.920213
7.53423
0.948076
7.34592
0.924879
7.01295
0.886555
7.86877
1.00268
6.73934
0.821562
7.69842
0.972808
7.82678
0.979726
7.88066
0.993819
7.5601
0.945009
6.42509
0.779981
7.07537
0.881204
8.18568
1.05332
8.42781
1.06893
6.96373
0.888178
6.29798
0.807623
6.66611
0.854067
7.07188
0.879476
8.13247
1.01953
7.27587
0.924122
8.50755
1.10577
6.8168
0.836031
7.59588
0.955226
6.88091
0.873177
7.36492
0.952355
7.92827
0.990591
6.64345
0.840702
7.67284
0.968069
7.30071
0.928172
7.26087
0.898647
7.88143
0.997382
6.69183
0.821848
6.05661
0.757235
6.71236
0.81991
7.42488
0.928548
7.86801
0.976294
6.34273
0.778176
7.52505
0.940215
6.11192
0.74917
7.36948
0.915485
7.69864
0.983875
8.21368
1.05386
7.85647
0.997874
6.9498
0.870094
7.64732
0.984974
6.46583
0.791077
7.60823
0.956246
6.98598
0.859699
7.54791
0.954711
7.84389
1.01302
8.20212
1.03387
8.01867
1.0356
7.5611
0.966761
7.92903
1.00188
6.68421
0.833587
6.31307
0.777062
7.66462
0.981141
7.65589
0.985695
7.67206
0.988398
6.85328
0.847672
7.44914
0.94699
7.55675
0.951137
7.41927
0.908241
7.3835
0.915035
7.41015
0.93082
8.05836
1.035
7.35359
0.905247
7.36251
0.924036
8.58419
1.09362
7.3746
0.921469
7.32477
0.937564
7.22322
0.914305
7.82139
0.997616
6.8022
0.842249
7.25338
0.892933
7.84865
1.00853
7.82321
0.997002
6.71689
0.825309
7.48341
0.947796
7.04643
0.885151
7.29709
0.91367
7.41551
0.930326
6.92881
0.852914
7.59501
0.956131
7.41863
0.939809
7.29245
0.942033
7.56903
0.96514
6.60481
0.839445
7.2457
0.9229
7.51902
0.943937
7.27761
0.937965
7.55043
0.941733
8.06881
1.0309
6.87607
0.854446
7.17422
0.91571
6.85513
0.833685
8.81811
1.13338
7.80625
1.00082
7.18207
0.895327
5.95674
0.727868
7.47164
0.955746
7.12508
0.876906
7.98683
1.03277
6.97928
0.891149
7.19601
0.922762
7.71161
0.956683
6.65425
0.811613
8.22025
1.05605
7.35618
0.922964
6.84975
0.834652
7.95836
1.01368
8.75781
1.10967
6.68244
0.806801
9.43643
1.21956
7.47125
0.930737
6.74697
0.856992
7.08254
0.890948
7.55578
0.944664
6.99723
0.877436
7.36819
0.924046
6.55063
0.816705
6.78018
0.860446
7.16393
0.899581
7.34093
0.913501
7.61418
0.960893
7.18243
0.914096
6.54971
0.814277
8.39028
1.0641
7.50735
0.930355
7.4423
0.953356
8.72245
1.10577
6.67969
0.835627
8.44852
1.08354
7.19184
0.889239
7.51295
0.937668
7.11049
0.898161
7.02156
0.864808
6.7205
0.817869
6.88987
0.849278
7.25537
0.918508
7.69498
0.992996
8.11921
1.02252
7.88153
1.0056
8.08814
1.03523
7.50929
0.966117
7.26125
0.934434
7.2638
0.896994
7.62164
0.974937
7.18467
0.896192
8.11903
1.03537
6.91632
0.886304
7.75645
0.97476
8.10403
1.03473
8.24165
1.04023
7.23353
0.92556
7.51134
0.954972
6.95784
0.860591
6.97625
0.893452
6.52547
0.821002
6.98078
0.861208
7.97429
1.0234
8.84849
1.14179
6.8904
0.853908
7.34399
0.925458
7.22236
0.907649
7.23272
0.904679
6.8848
0.861006
7.85718
0.975943
7.35887
0.90515
7.54047
0.955441
6.68982
0.809447
7.81965
0.992089
7.28269
0.91956
6.61812
0.81359
7.40174
0.920024
7.25819
0.910639
7.25122
0.927037
6.59919
0.837825
7.07784
0.878989
7.36623
0.940623
7.19064
0.915131
8.65066
1.12509
7.29327
0.918054
7.20577
0.897126
9.16723
1.17778
6.57482
0.814926
7.57293
0.965874
7.23486
0.90296
7.54402
0.933762
7.05377
0.908169
7.40253
0.944865
6.6016
0.845707
6.91873
0.840426
7.13941
0.886926
6.85951
0.837212
7.75021
0.998341
7.97046
1.02003
6.58196
0.808801
8.09802
1.0466
7.53922
0.947076
6.81194
0.824595
7.24066
0.939203
7.44409
0.938725
7.14057
0.913013
7.59697
0.962476
8.64087
1.10127
7.24194
0.904309
8.3258
1.04987
6.75203
0.848801
7.26168
0.91367
7.88139
0.994637
7.28063
0.913724
8.08844
1.00741
7.65595
0.957899
7.35096
0.930796
6.76677
0.85046
8.34598
1.06863
7.40771
0.938533
7.32872
0.915176
7.85238
0.985636
7.95508
1.01602
6.33262
0.791141
7.07642
0.874783
6.80411
0.843266
6.7813
0.833733
6.99164
0.899067
7.23176
0.894824
7.32473
0.918481
6.96621
0.861684
6.70969
0.833095
7.67734
0.974781
8.37651
1.06508
6.90278
0.859534
6.4737
0.793093
7.76159
0.971076
6.92341
0.886456
8.02515
1.00275
7.3368
0.92797
8.61874
1.10749
8.62487
1.09714
7.52058
0.96462
7.11938
0.884908
7.32707
0.929729
7.08276
0.886921
7.00383
0.858794
8.04664
1.03529
7.69069
0.973586
7.02783
0.889317
6.43415
0.816123
7.37822
0.927017
6.75105
0.842125
7.729
0.977633
7.00756
0.868381
7.78524
0.982924
6.47468
0.792924
7.34011
0.910591
8.10291
1.01049
6.93992
0.884058
7.48438
0.962071
7.70026
0.974959
7.32426
0.914337
7.50817
0.944897
6.54868
0.801864
7.82332
0.992283
6.47255
0.810815
6.85972
0.879592
6.96905
0.859812
7.35882
0.938071
7.97027
0.998704
7.35955
0.937476
7.3501
0.951143
7.32132
0.914141
6.80931
0.868949
7.36228
0.923669
7.74005
0.998892
8.2249
1.05992
6.37455
0.799211
7.73571
0.977908
6.89591
0.854533
6.8882
0.842904
8.38406
1.08337
7.19064
0.931211
6.47264
0.791429
7.48511
0.944446
6.86687
0.86076
7.31264
0.929633
7.23193
0.930853
7.33096
0.933793
7.61301
0.960438
8.04739
1.02023
6.99508
0.907807
7.34466
0.894945
7.87837
1.01369
7.7273
0.974092
7.19395
0.90538
7.50836
0.950758
7.75153
0.962233
8.60569
1.10028
7.46736
0.953923
6.89125
0.885981
7.75243
0.969202
6.95764
0.876906
7.3103
0.942703
7.56747
0.959905
6.1088
0.74995
6.95987
0.867996
7.25477
0.894448
6.89187
0.84949
8.43718
1.07101
7.36584
0.94271
6.8962
0.867176
7.73943
1.00053
7.79754
0.965575
6.598
0.821985
7.74461
0.982704
7.14447
0.881122
7.01267
0.862685
7.07128
0.872566
7.03237
0.897155
7.00161
0.886543
7.2226
0.900392
7.93378
1.0031
7.423
0.917668
8.06339
1.04122
7.50308
0.953506
6.85631
0.886051
7.216
0.926626
6.76366
0.869296
6.50066
0.806785
8.03894
1.03347
6.711
0.8275
7.53462
0.936541
7.35526
0.929892
7.71389
0.994547
6.90964
0.883559
6.87928
0.835754
6.99326
0.853945
7.16686
0.897928
7.73208
0.954073
7.22851
0.918936
7.33169
0.903675
7.44819
0.927393
7.91233
1.00365
8.24238
1.04828
6.72474
0.866787
7.48802
0.958046
6.45759
0.795262
8.14853
1.03573
8.76885
1.1397
6.82896
0.872488
7.75514
0.974488
6.89992
0.865399
8.77999
1.123
7.62135
0.977528
7.9632
1.03471
6.85047
0.85275
6.90079
0.844381
7.75365
0.990718
8.518
1.08878
8.8515
1.14714
7.10351
0.900573
7.06844
0.869869
7.80633
1.00109
7.64553
0.951476
6.66157
0.848621
7.75723
0.978118
7.6541
0.980202
7.69867
0.97848
7.66313
0.940894
