8.11238
1.01319
6.82182
0.835403
6.21662
0.774882
7.85234
0.995434
7.37902
0.950755
7.78829
1.01565
6.80593
0.839158
7.64189
0.973943
8.59844
1.09753
7.82894
0.97487
6.10602
0.749841
6.31713
0.77141
6.95513
0.872918
8.0109
1.03151
6.54266
0.819662
6.25957
0.778093
8.27006
1.07443
7.7376
0.984844
8.40468
1.04226
6.96257
0.858893
6.31195
0.758709
9.03792
1.1567
6.77016
0.852202
6.35644
0.813978
6.89132
0.87942
6.84244
0.874549
7.29358
0.947942
6.3886
0.792726
7.74927
0.965309
6.62449
0.844846
9.41501
1.19939
7.34258
0.925809
8.66351
1.13515
8.07375
1.01286
8.00557
0.989756
7.98392
1.01581
7.71461
0.98986
9.84837
1.27832
7.78695
0.990154
6.85269
0.862967
9.30166
1.17688
7.85436
0.985492
7.37885
0.916785
7.30829
0.917131
6.63549
0.830483
8.44919
1.07997
6.95313
0.88404
7.53637
0.960473
7.15575
0.886456
7.26586
0.932725
7.55787
0.960394
9.77402
1.28993
7.54514
0.931592
7.05945
0.871721
6.87953
0.850989
8.65881
1.11751
7.46964
0.94216
7.72928
0.990708
7.85139
0.988047
8.00304
1.03496
7.92012
1.00626
8.01911
1.04942
6.60359
0.804165
6.60092
0.794317
7.84637
0.985375
7.6064
0.957728
8.75377
1.11282
8.31795
1.01873
8.3161
1.05145
7.61065
0.94198
8.16681
1.0266
7.14563
0.892244
7.24733
0.907554
8.12026
1.02531
8.31208
1.07452
7.08763
0.872915
8.15552
1.03946
7.48138
0.940502
8.17432
1.06201
7.48259
0.921314
8.35441
1.06686
6.56398
0.820661
6.89546
0.87013
7.13866
0.904991
7.34788
0.941296
7.3749
0.932362
7.1169
0.891928
7.87923
0.982682
6.72249
0.830434
7.86904
0.986925
6.78581
0.84304
7.20684
0.90371
7.31127
0.934707
6.85336
0.834716
7.35107
0.950622
8.02889
1.02673
7.05832
0.914004
6.97464
0.867759
8.16601
1.0548
8.16685
1.03697
7.64777
0.979317
6.68741
0.816318
7.81416
0.998037
8.14166
1.04463
6.28392
0.768153
8.31269
1.07193
7.1067
0.890161
6.53725
0.799072
8.23613
1.04414
7.56103
0.96828
7.76993
0.97449
7.50126
0.951274
7.46645
0.932984
7.14365
0.90884
7.89292
1.00287
8.06665
1.03317
7.1894
0.900959
9.02182
1.16265
8.17129
1.05672
7.46453
0.948324
6.50602
0.830917
7.52496
0.959072
7.2532
0.88734
7.49678
0.938368
8.23487
1.04914
7.22063
0.911558
7.09775
0.899206
7.04423
0.895339
6.99592
0.878211
7.32849
0.903076
7.30877
0.914245
6.82912
0.884214
6.95024
0.874725
7.76287
0.998787
8.2415
1.03417
7.9699
0.997851
7.28991
0.926817
6.55559
0.80675
6.28834
0.77714
7.54863
0.966911
6.99462
0.857939
6.66925
0.834097
7.65591
0.953251
6.6573
0.854576
7.79996
1.00583
8.95501
1.15842
7.11074
0.884341
8.51656
1.08679
6.8189
0.842755
7.26327
0.900023
6.96568
0.880248
6.50569
0.8163
8.6732
1.08087
6.78601
0.826137
7.28489
0.891008
6.99688
0.878359
7.66554
0.965517
8.09442
1.04652
7.05016
0.87341
6.89335
0.855508
7.92319
0.980453
7.33595
0.892403
6.17626
0.741997
6.39941
0.798692
7.17782
0.880257
7.65733
0.97669
6.44479
0.777681
6.5639
0.816433
7.64719
0.931223
6.91311
0.880035
7.92571
1.02918
6.90061
0.849169
7.17641
0.916638
8.27541
1.05732
7.16568
0.87593
8.09972
1.05677
7.1706
0.879231
7.18902
0.876857
8.76652
1.14706
7.53042
0.965783
8.1301
1.01822
8.32411
1.03213
6.72873
0.834301
6.99765
0.899321
7.06784
0.86191
7.09043
0.889275
7.6841
0.973876
7.78709
0.963248
7.63656
0.963231
6.48143
0.804929
6.14105
0.784242
6.09187
0.750105
8.09769
1.019
8.21102
1.05768
6.76653
0.846781
6.87047
0.845071
7.17975
0.907192
6.34174
0.790053
7.14608
0.888175
7.3048
0.933505
8.441
1.05843
8.62694
1.09494
7.8418
0.974512
7.51389
0.972681
8.3188
1.03337
7.35089
0.914275
7.07589
0.879808
7.15925
0.908343
6.48798
0.793875
6.90032
0.839461
7.09715
0.863974
7.78253
1.00792
7.74007
0.964937
8.26305
1.05276
8.48903
1.0851
7.48393
0.93196
8.51133
1.0677
8.90097
1.1349
7.63354
0.955737
8.15109
1.01134
7.0137
0.86388
8.19737
1.02261
6.76929
0.836359
7.16028
0.917547
7.41372
0.930582
7.07998
0.878056
6.82252
0.875753
7.60582
0.956047
7.34326
0.956759
7.71829
0.96464
7.45327
0.91915
6.98606
0.861806
6.62104
0.82509
7.73406
0.977679
8.3149
1.06278
7.56536
0.946415
7.5476
0.98355
6.8956
0.864258
7.5669
0.940045
7.76714
0.970848
7.36151
0.922203
6.85767
0.860993
8.66494
1.11949
7.8736
1.01544
8.00154
1.02473
7.38109
0.9445
7.49092
0.972887
7.29651
0.913996
6.94742
0.883369
7.50918
0.958541
7.733
0.996754
6.53843
0.799079
7.96377
1.02706
7.80654
0.985767
9.0208
1.16317
7.30602
0.945077
7.01095
0.891957
6.57669
0.812402
6.592
0.841985
6.83451
0.889195
6.72099
0.85258
7.00549
0.894312
7.76531
0.981223
6.72477
0.828462
7.97855
0.988812
7.15869
0.924087
7.70277
1.01227
7.26152
0.923212
7.14278
0.90346
7.50164
0.940119
6.6632
0.836094
7.92364
1.01907
6.94369
0.861751
8.09157
1.02453
7.75861
0.985038
7.25599
0.918195
6.73592
0.850898
6.51649
0.827581
7.09496
0.907467
6.39881
0.782047
9.58824
1.24689
7.60838
0.957018
7.80819
1.00215
6.93017
0.850758
7.59362
0.938303
7.06387
0.863431
8.53075
1.11218
9.15317
1.20545
8.31508
1.07401
8.01959
1.00047
7.77195
0.953341
7.18375
0.891313
7.47741
0.967153
7.78191
0.98664
7.88399
0.987475
8.02049
1.01441
7.69478
1.00858
8.78567
1.13967
7.18969
0.915141
7.57352
0.950724
7.74029
0.974951
8.73808
1.11022
8.34738
1.06724
6.45823
0.813717
7.42859
0.91177
7.43564
0.925156
7.27034
0.930846
7.92231
1.03162
6.16321
0.75491
7.29378
0.951534
6.98927
0.90402
8.57986
1.12013
8.07338
1.00963
7.19037
0.924717
7.31989
0.946998
7.85497
1.04314
7.11247
0.881975
8.95997
1.14377
6.75519
0.857001
7.55574
0.942851
6.63323
0.801849
6.89032
0.876476
7.63635
0.966882
8.00233
1.038
9.19868
1.19746
7.35293
0.935833
7.97148
1.02217
6.64934
0.842385
7.43352
0.912658
6.23154
0.792403
6.02545
0.752225
7.07999
0.883794
8.11673
0.998798
6.24853
0.774757
6.94
0.85396
7.47418
0.9269
7.54485
0.953424
8.03911
1.01864
8.64527
1.07923
6.64438
0.806772
6.71874
0.86019
8.91086
1.1418
8.03633
1.03873
7.8228
1.00451
7.85244
0.995234
8.17497
1.0506
8.90973
1.14042
8.04035
1.02891
6.42139
0.814093
7.72333
0.984869
8.3243
1.04828
8.97381
1.166
7.8274
1.00518
8.57389
1.11615
7.62018
0.993398
7.38895
0.912426
7.73064
1.02133
8.28725
1.03869
7.76605
0.982275
7.56176
0.960462
7.03658
0.884629
7.28955
0.89434
6.77147
0.835809
7.39756
0.906256
7.15067
0.91276
6.77529
0.840622
8.02936
1.01227
7.93355
1.02792
6.22071
0.779663
6.7262
0.815039
8.15488
1.04029
7.07372
0.863518
7.08912
0.882536
6.77594
0.849003
7.5979
1.00514
7.92559
1.0109
6.6861
0.844873
6.7779
0.846295
8.45225
1.07536
7.67759
0.992158
7.65593
0.953964
7.47176
0.937162
7.29078
0.909941
7.94212
1.01959
7.71105
0.954353
7.40227
0.903933
7.32389
0.919296
7.80925
0.98527
8.97694
1.14947
7.65325
0.974863
7.53199
0.956626
7.13938
0.903278
6.90113
0.891098
7.93273
0.999258
6.54284
0.789073
6.50704
0.806555
8.95887
1.14827
7.2111
0.901502
7.20067
0.877998
7.52443
0.952186
7.79804
0.979895
8.14506
1.03995
7.45582
0.963992
7.9114
0.990514
7.48525
0.950896
7.16294
0.927176
7.47146
0.949923
6.67345
0.843798
7.96115
1.01426
7.49425
0.9575
6.60586
0.855397
8.47273
1.08726
7.57051
0.954394
7.75003
0.96361
7.90765
0.965474
6.859
0.835909
7.56615
0.963177
8.01126
1.04513
6.09788
0.759711
6.60486
0.859341
8.10443
1.04032
6.87667
0.865453
5.85078
0.72194
7.60742
0.952983
7.96032
1.01471
8.49197
1.05485
7.75431
1.00255
7.89942
0.983505
8.1026
1.02824
6.88609
0.874725
7.62569
0.999741
6.98839
0.887973
7.73066
0.99733
6.78988
0.846585
8.01658
1.03329
6.69887
0.862278
7.44938
0.94427
7.04361
0.858862
8.59172
1.10565
7.2245
0.895739
8.21371
1.04673
7.47694
0.962157
6.49399
0.802938
7.22792
0.907474
8.03022
1.001
8.6327
1.10699
7.553
0.968167
6.78137
0.860333
8.09502
1.03192
7.87811
0.99506
7.74225
0.98976
8.58192
1.11483
8.97394
1.16428
7.22949
0.923513
7.47196
0.959747
8.42263
1.07169
6.63724
0.846175
6.98632
0.845265
7.88855
1.00254
6.58747
0.800435
7.3101
0.932928
7.61324
0.972664
7.75802
0.956937
7.78511
0.986112
7.58258
0.96398
7.7371
0.962954
6.18103
0.741201
7.16938
0.920577
7.63749
0.936722
7.28047
0.921229
9.18909
1.21779
7.82715
1.02
7.76911
0.958192
7.78286
0.974611
7.08404
0.897958
7.64118
0.963872
6.81006
0.856343
8.60036
1.10673
7.96034
0.988998
6.98976
0.850671
7.90064
0.997888
7.70028
0.998597
8.03155
1.00488
6.32181
0.774987
7.67178
0.99199
7.66111
0.953691
6.87798
0.855529
6.95433
0.900365
7.82167
0.976625
7.37559
0.916722
7.77164
0.999511
7.60887
0.95666
7.04758
0.866261
7.60566
0.972611
8.38927
1.03816
7.019
0.853284
8.16211
1.05728
7.76333
0.97171
6.48123
0.813844
8.51459
1.08536
7.58037
0.967236
7.55393
0.926469
6.51772
0.823404
8.9332
1.16296
8.18822
1.03922
7.58758
0.972416
6.55953
0.821683
6.55156
0.82704
7.26795
0.88686
7.75193
0.996851
6.92256
0.878531
8.15268
1.01768
8.10567
1.02445
7.09323
0.922047
6.00612
0.755243
7.99296
1.01939
7.59333
0.949752
7.14205
0.870937
7.87944
1.01357
6.03235
0.734042
8.00161
1.01977
8.04176
0.996329
7.89071
0.988323
7.98727
1.02157
8.27732
1.07036
8.07169
1.00419
9.51079
1.2123
6.45494
0.804505
8.39652
1.07681
6.87241
0.874233
6.45668
0.796643
7.42023
0.959378
6.92426
0.902495
7.60354
0.946998
7.66564
0.972281
7.04093
0.876422
7.02185
0.887955
7.60972
0.989202
6.61245
0.818037
7.71785
0.992403
7.16276
0.921169
6.89144
0.871064
7.70412
0.975056
6.78761
0.840639
6.58965
0.815918
7.54539
0.946182
6.73979
0.832823
6.75856
0.850984
7.35963
0.909694
7.32858
0.928537
6.95477
0.845826
7.6928
0.955798
8.08
1.04755
7.92374
1.01767
7.46638
0.978667
8.01531
0.987997
8.27415
1.0531
7.30587
0.917715
6.52439
0.803767
7.04973
0.898194
8.26657
1.06999
7.8434
0.975929
8.04242
1.02342
8.16447
1.02398
8.85006
1.10479
5.79652
0.705884
7.06032
0.892778
6.36658
0.81024
7.2279
0.924607
7.59075
0.985293
7.51246
0.939587
7.46547
0.916197
7.12402
0.9209
7.53878
0.943686
8.61137
1.11614
9.25743
1.19601
7.15438
0.885849
8.32725
1.03246
7.49731
0.956689
8.27106
1.07918
9.27487
1.23788
7.27682
0.888927
9.77007
1.24863
8.80767
1.1514
8.62093
1.09022
7.49963
0.968597
7.5317
0.957167
6.29659
0.783963
7.01875
0.871824
6.59012
0.852459
8.06567
1.01146
8.49453
1.07295
7.78234
0.997433
6.80826
0.868331
7.05654
0.895748
7.07563
0.928009
7.68435
0.976821
7.62093
0.977863
7.15785
0.883485
9.06903
1.14502
7.74349
0.970245
7.7137
1.00924
6.32333
0.782349
7.79368
0.987541
7.91794
1.01188
7.83076
0.95894
6.93888
0.893814
6.34121
0.798729
6.64189
0.818871
7.02466
0.895366
7.31786
0.932484
7.71511
0.986945
7.36825
0.952826
7.75109
0.964912
8.01703
1.01711
7.22278
0.926029
8.26288
1.05219
7.61074
0.945099
8.18438
1.05336
8.11202
1.01189
9.49083
1.22371
7.90262
1.00107
7.116
0.897279
6.86279
0.860927
6.98775
0.898017
7.07512
0.914573
7.04322
0.87088
6.53343
0.787082
6.13248
0.744316
7.09475
0.882373
9.53552
1.22531
7.25374
0.913409
8.36837
1.06869
7.92569
1.02199
6.33577
0.779006
7.02722
0.884327
7.91126
0.982312
7.08853
0.866033
8.22025
1.04456
6.63622
0.798353
8.06107
1.02282
6.60709
0.826691
7.51811
0.956782
8.04237
1.00409
7.21997
0.944582
8.05317
1.02062
7.31453
0.934426
6.62651
0.824847
6.90658
0.873046
7.68295
0.997805
6.41202
0.811441
7.47061
0.960013
8.13156
1.02932
6.58384
0.816292
8.51937
1.07716
7.27605
0.911692
6.32183
0.809811
7.73593
0.985072
6.92388
0.853418
8.38889
1.05528
6.52863
0.834206
7.83012
0.997355
8.60601
1.096
7.81512
0.975964
9.15493
1.16893
8.16876
1.04445
6.83025
0.857006
6.58163
0.812558
6.41971
0.816236
6.38077
0.799927
6.97419
0.874145
8.10092
1.04082
8.95609
1.12618
6.93909
0.856806
8.25951
1.06754
6.30903
0.758559
7.2
0.891602
7.26549
0.910561
7.4147
0.941461
7.24335
0.881766
7.00144
0.906737
7.78528
0.974409
6.82328
0.834121
7.95612
1.00487
7.75371
0.947854
8.14297
1.06233
7.05557
0.876768
8.66021
1.12609
8.7518
1.12689
7.55643
0.959456
7.44617
0.934563
7.99745
1.03282
7.32883
0.949187
7.93471
0.974186
7.49126
0.939665
8.00198
1.00646
7.27679
0.932687
8.23537
1.04997
7.76934
0.964207
8.04955
0.988576
8.66186
1.07926
9.49318
1.20353
6.40532
0.774039
7.64784
0.971537
7.06599
0.913132
6.81295
0.850634
8.66265
1.10573
6.92483
0.879508
6.55659
0.833653
7.39329
0.919208
8.50694
1.10344
9.07705
1.15052
7.993
0.999831
9.06166
1.15105
7.17881
0.923951
8.47065
1.07997
8.05536
1.03579
6.29994
0.78249
7.56525
0.966692
7.67564
0.956261
7.45009
0.912382
8.23213
1.06669
7.77072
0.968004
5.99981
0.728979
7.14694
0.904381
7.1881
0.898482
6.84726
0.833653
6.91248
0.843588
6.61898
0.828495
6.97975
0.874992
6.86671
0.869393
6.8899
0.862751
7.79083
0.994305
7.83471
0.993953
7.26262
0.903782
8.3612
1.06152
6.34028
0.792078
7.99919
1.01004
6.77354
0.832312
8.28433
1.03978
8.336
1.03063
8.38452
1.08097
6.55057
0.805745
6.13406
0.766901
7.81886
1.00922
8.0754
1.02232
8.87079
1.15034
6.67176
0.823711
7.13529
0.915519
8.47967
1.09658
7.17514
0.890576
7.33077
0.936708
6.69993
0.842405
7.49673
0.940428
7.95175
0.979105
6.81423
0.888328
7.18442
0.911787
7.74385
0.970282
6.97101
0.860515
6.9472
0.878223
7.71702
0.993887
9.85724
1.25945
7.31066
0.897089
6.29108
0.777214
7.97383
1.02141
7.41084
0.925644
6.87129
0.868646
8.10061
1.01487
7.69668
0.972127
9.19422
1.19229
7.02033
0.879113
7.23079
0.922043
7.85674
1.01226
7.11403
0.878716
7.19033
0.919642
6.77688
0.853518
8.63333
1.12122
9.25885
1.19779
6.80156
0.859856
7.1926
0.90449
8.84159
1.14982
8.72122
1.09625
7.94359
1.01666
7.88724
0.986126
6.88863
0.839734
7.88158
1.02389
7.35073
0.929936
5.9903
0.73755
6.85802
0.847144
6.83249
0.832962
7.12705
0.911513
7.44181
0.908668
7.03838
0.858995
7.82883
0.996103
7.69633
0.975169
7.30342
0.911893
7.36398
0.93306
8.12639
1.02131
8.26935
1.06252
5.83366
0.739435
6.35838
0.783539
7.85514
0.993885
7.72488
0.998209
6.79182
0.844841
8.00771
1.00588
7.21715
0.917571
6.92505
0.898104
7.32997
0.927124
8.08006
1.0566
8.95663
1.15509
7.74877
0.970005
8.2916
1.05941
6.83637
0.86437
7.19208
0.890821
9.16215
1.172
7.8692
1.00726
7.91246
1.0051
6.25242
0.790857
6.47299
0.789165
6.95997
0.885096
8.04832
1.01646
7.02884
0.91035
7.30536
0.893505
6.55262
0.804593
7.61368
0.938774
7.45096
0.928919
8.94206
1.15459
7.72352
0.991221
6.76957
0.831467
5.76819
0.710064
8.52705
1.06904
5.90542
0.75945
6.5598
0.786545
6.83792
0.850037
7.90205
1.02095
8.01415
1.04249
9.57004
1.24716
7.65472
0.971595
7.46547
0.957952
6.80957
0.831015
8.57772
1.1025
6.92877
0.890084
6.95633
0.874084
8.71011
1.12319
7.10964
0.918958
7.25044
0.912537
7.09729
0.890827
8.32395
1.06857
8.18479
1.05179
7.52642
0.937655
6.96985
0.881989
8.51029
1.07763
7.72524
0.980059
6.36173
0.802078
7.25316
0.911114
6.34025
0.776404
7.00639
0.874231
6.05714
0.729649
6.79442
0.834082
7.93503
0.969868
6.62803
0.846638
7.57012
0.937567
7.37318
0.927105
6.39206
0.774981
7.4361
0.934082
6.40113
0.79277
7.86588
0.983658
6.89882
0.888244
7.37168
0.909235
7.07754
0.878041
6.99719
0.879146
8.60853
1.10536
7.4883
0.934875
8.1937
1.00798
6.69392
0.851418
8.25937
1.09192
7.47925
0.966761
7.75299
0.974174
7.56483
0.977829
6.94012
0.883772
9.02444
1.15503
7.22398
0.897319
8.00549
1.0001
6.77564
0.847195
7.55132
0.934904
8.38674
1.0861
6.21841
0.78219
7.81978
0.986689
7.51674
0.959577
6.64923
0.815363
7.64899
0.980221
7.88258
1.01127
6.78073
0.85346
6.86805
0.868826
6.48414
0.812342
8.06109
1.01567
8.05481
1.02331
6.90422
0.881843
7.95229
1.0164
7.2453
0.904812
8.45878
1.08628
6.4697
0.791454
7.60428
0.976599
7.54334
0.937077
7.51528
0.943257
6.56587
0.825988
7.40628
0.922848
6.67803
0.840997
7.24967
0.898745
9.21851
1.17814
8.98031
1.16652
7.18528
0.918242
8.50112
1.08814
8.37557
1.06366
8.50337
1.06482
8.46579
1.07828
6.59327
0.843646
6.2353
0.774649
6.7058
0.824879
8.64182
1.12261
7.15064
0.898915
7.44135
0.94568
7.6789
0.973623
7.35443
0.893938
6.5408
0.829285
6.87091
0.856604
6.44221
0.8235
9.4387
1.24092
9.09212
1.18947
7.9087
1.01753
9.02976
1.15344
7.31496
0.897884
7.56708
0.960718
7.74611
0.991994
7.32636
0.947804
7.31027
0.915917
7.52778
0.920726
6.36048
0.774027
7.43115
0.916499
8.13374
1.05799
6.37568
0.78981
6.79461
0.85622
6.17204
0.757027
7.59507
0.964254
7.64662
0.958353
7.29356
0.910192
7.85795
0.966978
6.12433
0.756758
6.89325
0.840757
8.07882
1.02007
7.79565
0.986963
7.55017
0.97316
6.28573
0.767726
6.79005
0.834802
6.98582
0.859068
6.78219
0.853624
6.08472
0.756184
6.99472
0.863337
8.33493
1.05798
6.47331
0.824571
7.21005
0.909608
7.1812
0.884334
6.74983
0.835972
7.45042
0.934649
7.3109
0.929172
6.58355
0.813263
7.30827
0.961692
8.00284
0.998287
6.43173
0.789924
7.17034
0.924483
6.48738
0.815855
8.73886
1.09555
6.59317
0.79934
7.83509
1.0159
6.68397
0.832381
7.62352
0.950073
7.88152
0.977429
7.48865
0.963571
7.05536
0.880048
8.01043
1.00874
7.60564
0.939952
6.46721
0.8031
7.10332
0.902147
7.26144
0.925741
7.65575
0.974884
7.55867
0.937221
8.38973
1.08766
8.15314
1.06505
7.71349
0.962238
6.93728
0.859017
9.21318
1.19448
7.1742
0.897045
8.21541
1.01604
6.73464
0.830003
7.52284
0.95749
7.28448
0.911936
6.754
0.846342
7.78961
0.988485
7.57607
0.949044
6.56653
0.812121
