0.000890054
0.00110357
0.000711672
0.00086231
0.00099151
0.00107028
0.00158509
0.000903577
0.000880983
0.00106086
0.000806142
0.0008216
0.000807835
0.000919764
0.000815329
0.00125861
0.000709548
0.000932014
0.000812543
0.00156075
0.000896836
0.000929987
0.000910744
0.000954832
0.000802481
0.00109277
0.000808258
0.00094371
0.00097576
0.00115799
0.000725918
0.00091361
0.00091618
0.000967446
0.00214587
0.000939708
0.000866969
0.000828967
0.000830324
0.000930136
0.000832924
0.000916786
0.000894106
0.000895011
0.00105484
0.000911357
0.000913087
0.000906119
0.000894404
0.000744801
0.00107602
0.000934261
0.00080614
0.000944818
0.000871747
0.000949467
0.000915452
0.000898918
0.000857935
0.000903238
0.000970659
0.000958795
0.000908345
0.000945663
0.000888981
0.000889017
0.000918564
0.000933112
0.000952956
0.000999179
0.000904063
0.000963838
0.000988888
0.00090004
0.000936706
0.00564928
0.00110196
0.00121396
0.00104097
0.000910476
0.000956746
0.000949303
0.00093129
0.000904014
0.000872088
0.000840646
0.000864963
0.00122893
0.000861793
0.000820826
0.00072293
0.000836776
0.000925982
0.000915198
0.000846433
0.000931989
0.000898095
0.00134128
0.000846762
0.00332277
0.00215836
0.00169895
0.00102462
0.000845795
0.000893721
0.000949979
0.000936369
0.000908217
0.000843156
0.000914047
0.000997152
0.00111808
0.000939286
0.000895302
0.000725003
0.000938287
0.000984848
0.000830501
0.000890411
0.000822335
0.00116227
0.00166262
0.000992358
0.000907895
0.000985917
0.00068083
0.000696424
0.000923621
0.000860156
0.000843083
0.000873961
0.000951263
0.000823289
0.00121529
0.00083067
0.00102702
0.00176797
0.000817302
0.000948694
0.000892105
0.000922408
0.000920327
0.000943844
0.0010524
0.000811053
0.000932472
0.000999129
0.000920665
0.000969738
0.000704921
0.000853238
0.000904741
0.00181696
0.000995012
0.000938348
0.000900647
0.000965436
0.000834091
0.000943376
0.000908944
0.000873903
0.00108777
0.000882095
0.000923425
0.000922333
0.000865767
0.00101682
0.00130876
0.000850828
0.000684645
0.000637829
0.000917334
0.000886879
0.000942254
0.000933941
0.00413462
0.000900245
0.000843276
0.000828098
0.00108256
0.00238155
0.000909985
0.000943978
0.000887881
0.0028709
0.000850759
0.00156075
0.000859203
0.000856945
0.000948237
0.000965254
0.00084068
0.00104508
0.000950173
0.00083179
0.000922992
0.000884269
0.000872518
0.000910494
0.000999308
0.000878854
0.000917673
0.000940264
0.000814569
0.000984046
0.000739131
0.000760381
0.000802438
0.000973045
0.00163754
0.000937475
0.000829971
0.000963519
0.000955847
0.000925153
0.000994374
0.000946824
0.000883369
0.000922473
0.00101236
0.000968859
0.00081223
0.000807973
0.000984128
0.000921287
0.000838595
0.000932025
0.000895432
0.000957357
0.000879086
0.000935358
0.00110215
0.000921234
0.000959207
0.000820196
0.000860324
0.000955214
0.00192102
0.000836708
0.000940547
0.000955941
0.000939245
0.000923265
0.000805497
0.000987092
0.00097658
0.000929501
0.000844045
0.00103631
0.00083748
0.00207836
0.00102059
0.00107185
0.000865371
0.000910804
0.000911567
0.00163754
0.000871022
0.000985536
0.000886635
0.000905201
0.00159356
0.000900927
0.000883077
0.000946824
0.00107257
0.000806962
0.000893114
0.0009382
0.00169799
0.00146672
0.000855481
0.00138007
0.000824438
0.00188648
0.000901357
0.00103542
0.000746346
0.00086467
0.000987086
0.000968862
0.000895958
0.000925667
0.000866453
0.00103941
0.000898455
0.000802692
0.000857355
0.00107427
0.000910933
0.000973913
0.000845516
0.000914712
0.000847401
0.00123148
0.000902224
0.000956037
0.000802393
0.000755706
0.000951175
0.000906695
0.00069061
0.000879788
0.000745317
0.00076701
0.000872358
0.000901335
0.000895545
0.000885959
0.000839397
0.000890947
0.000925191
0.000860813
0.000953541
0.000870044
0.000922116
0.000684681
0.000925772
0.000966396
0.0023624
0.000891168
0.000897505
0.000901778
0.000903224
0.000904683
0.00164895
0.000830048
0.000884141
0.000868976
0.00238155
0.00092367
0.00158337
0.000960758
0.00100628
0.000900286
0.000814383
0.000908097
0.00112945
0.00087778
0.000832834
0.00110144
0.00215836
0.000821918
0.000802321
0.000880906
0.000890462
0.00221706
0.000891305
0.000905362
0.00107702
0.000951183
0.000934589
0.000913565
0.000855675
0.000959925
0.00101848
0.000950442
0.000953689
0.00138341
0.000813156
0.000909706
0.000867582
0.00086138
0.000813432
0.000898691
0.000992021
0.000859563
0.00108436
0.000819329
0.00094168
0.00181696
0.000938805
0.000960985
0.000621373
0.00100331
0.000946595
0.000950152
0.00138007
0.000912891
0.00133208
0.000830256
0.000610922
0.000950796
0.00119808
0.000867254
0.000982317
0.000888482
0.000853723
0.000851348
0.00100218
0.000399837
0.00075332
0.000872693
0.000924582
0.000901031
0.000927849
0.00102086
0.000854058
0.000874174
0.000886694
0.000872041
0.000906113
0.000885958
0.000885628
0.00109259
0.000960749
0.000898997
0.000881547
0.000844199
0.000957558
0.000800603
0.000807139
0.0010385
0.000834021
0.000748578
0.000855457
0.00109645
0.000933821
0.000888979
0.000920732
0.000879457
0.000966899
0.0014453
0.000923473
0.000875402
0.000986373
0.00135169
0.000786507
0.000931979
0.0017319
0.000922915
0.000849095
0.000882317
0.00299984
0.000919992
0.000934082
0.00114041
0.00112288
0.00090226
0.00102057
0.000880599
0.000897232
0.00079799
0.000917584
0.00103011
0.000926894
0.000983307
0.000920586
0.000916446
0.00100962
0.000933777
0.00158301
0.0010078
0.00118852
0.000637414
0.00158301
0.000633645
0.000898067
0.000851113
0.000971414
0.000896086
0.00201276
0.00195193
0.000908045
0.00125108
0.000925773
0.000818299
0.00100242
0.000846902
0.000966631
0.000951627
0.00070336
0.000905193
0.000960316
0.00104508
0.00126549
0.000929117
0.000852585
0.000805238
0.000891128
0.00097983
0.000931536
0.000842274
0.000888066
0.00104785
0.000735609
0.00090721
0.000861419
0.00110196
0.000728156
0.000982557
0.000943471
0.00104111
0.000713305
0.0009177
0.000911495
0.000983342
0.000849728
0.000902488
0.000910955
0.000985617
0.000911681
0.00101662
0.000887321
0.00093001
0.000741074
0.000897975
0.000842921
0.000738718
0.00102333
0.00272835
0.00095024
0.000930966
0.0014306
0.000953689
0.000946106
0.000908505
0.00299608
0.000888392
0.000977576
0.000950585
0.0012032
0.000883842
0.00102775
0.000964318
0.00091549
0.00102553
0.000834102
0.000815441
0.00106029
0.000913644
0.00122073
0.000957756
0.000910169
0.000905759
0.000954698
0.00103601
0.00107282
0.000894136
0.00133137
0.00088149
0.00107305
0.000925521
0.000907091
0.0013259
0.000894165
0.000996141
0.00100064
0.000836279
0.000994828
0.00119732
0.000848929
0.000947263
0.0011181
0.00091088
0.000937118
0.000933771
0.000845912
0.000626054
0.000854161
0.000909076
0.000919924
0.00105075
0.000875527
0.000912689
0.000834766
0.000905479
0.000840502
0.000957893
0.000939016
0.000973026
0.000867831
0.00111278
0.0010033
0.00109949
0.000944141
0.000870049
0.00090913
0.000929991
0.00299984
0.00082357
0.000974402
0.000913083
0.000874068
0.000877449
0.000961844
0.00101684
0.000840404
0.000746346
0.00107129
0.000811346
0.000875099
0.00068433
0.000891035
0.000928151
0.000832632
0.00100566
0.00254542
0.000798878
0.00113172
0.000860926
0.000918564
0.000922261
0.00175479
0.000877981
0.000993399
0.000891769
0.000904832
0.000979985
0.000877442
0.000737092
0.000787928
0.00076701
0.000900291
0.000944208
0.00101011
0.000859604
0.000951586
0.00192102
0.000954515
0.000944253
0.000835015
0.000889339
0.00084062
0.000809498
0.000880863
0.000910455
0.000839338
0.000844228
0.000927491
0.000919525
0.000873582
0.000910557
0.000852585
0.000877979
0.000829672
0.000963167
0.000956285
0.000856447
0.00104392
0.000922909
0.000910744
0.000865409
0.000823214
0.000922573
0.00304905
0.00221249
0.000894285
0.00082293
0.00083048
0.00078399
0.000938911
0.000910944
0.000754987
0.000863526
0.000827797
0.00184339
0.0010363
0.000964964
0.000920134
0.00104521
0.000837821
0.000864791
0.000820859
0.00157263
0.00104076
0.000972655
0.00100742
0.00112176
0.000890493
0.000633754
0.000903722
0.000897536
0.000774635
0.00136312
0.000911742
0.000951895
0.00101003
0.000899954
0.00116639
0.00149819
0.000879093
0.000842905
0.00101838
0.00105326
0.00097576
0.00112004
0.00087751
0.000865467
0.000961085
0.000696992
0.000843429
0.00203857
0.000948729
0.00094707
0.000867456
0.00191291
0.000941602
0.000685615
0.00101424
0.00098958
0.00104742
0.000760381
0.000818669
0.000807651
0.000991078
0.000866781
0.000989384
0.000997611
0.000926008
0.000911628
0.000996015
0.000865113
0.000882155
0.000940491
0.000906641
0.00114645
0.00093304
0.000876945
0.000924029
0.000913285
0.000852466
0.000858927
0.000923351
0.0010725
0.000932308
0.000940003
0.00105339
0.00081124
0.000974676
0.000910956
0.000872853
0.000864904
0.000825072
0.00092369
0.00104926
0.00181534
0.000945023
0.000943942
0.000985377
0.000932092
0.000664719
0.000834486
0.00195193
0.00125861
0.00141392
0.000887518
0.000906119
0.000805371
0.00105242
0.00151552
0.00184339
0.000877296
0.000795884
0.000961492
0.00104963
0.00115525
0.00299984
0.00087206
0.000910829
0.000922964
0.000963622
0.000985536
0.000857963
0.000939683
0.00102319
0.000954719
0.00100308
0.000968424
0.000917984
0.0026349
0.0012217
0.000862297
0.000734551
0.000916311
0.000939237
0.000498588
0.000877781
0.000909199
0.00110522
0.00094017
0.000894635
0.000992406
0.00090506
0.00176797
0.000972464
0.000754773
0.000898566
0.000937549
0.000863867
0.000954515
0.000887681
0.000887433
0.000977917
0.000886385
0.000920577
0.000903292
0.00081349
0.000873987
0.000752507
0.00112704
0.000746867
0.000925474
0.000848531
0.000844745
0.000958648
0.00106631
0.000829363
0.000943613
0.000758813
0.000809172
0.000965457
0.000907363
0.000954515
0.000952982
0.000885958
0.000721479
0.000924138
0.000944227
0.000933842
0.00082315
0.000925688
0.000883628
0.000741732
0.000931823
0.000965763
0.000888166
0.00105646
0.000913097
0.000947414
0.000965449
0.000983307
0.000923731
0.000882063
0.000908701
0.000921661
0.00106525
0.00078917
0.00089732
0.000939545
0.000842801
0.000869115
0.000874731
0.000909988
0.000881201
0.000855408
0.00259877
0.00198779
0.00064973
0.000850672
0.000971918
0.000682245
0.00116924
0.000878763
0.000701313
0.000935107
0.00102016
0.00083875
0.000957933
0.000924638
0.00125781
0.000841421
0.000713087
0.00087575
0.000806597
0.000825124
0.000864947
0.000849227
0.000864205
0.000985986
0.000908808
0.000880908
0.000840752
0.000844884
0.000787928
0.000961068
0.00100743
0.000901042
0.000914297
0.000812434
0.000911553
0.00085697
0.000687625
0.00111909
0.000985601
0.000710703
0.000860189
0.000907932
0.000954925
0.000997152
0.000821586
0.00103775
0.000687625
0.000851155
0.0028709
0.000851298
0.000944174
0.00172965
0.00091734
0.000946152
0.000866906
0.000970095
0.0010729
0.000850504
0.00102255
0.000880508
0.000851977
0.000942523
0.000849461
0.000913761
0.000827897
0.00101205
0.000861991
0.000832161
0.000938183
0.00139666
0.000850396
0.00103906
0.000878999
0.000973605
0.000931075
0.000979569
0.000711933
0.00204052
0.0010343
0.000825127
0.00081071
0.000835283
0.000933843
0.000944795
0.000799474
0.00103036
0.000918611
0.000858275
0.000906803
0.000975507
0.000887429
0.000836992
0.00110161
0.00083817
0.000945085
0.000664719
0.000925893
0.000964317
0.00080913
0.00188648
0.00159759
0.00095291
0.00160805
0.000904545
0.00146803
0.000876146
0.000870742
0.000898831
0.000739347
0.000930859
0.000931668
0.000758158
0.000834551
0.000741215
0.000960985
0.000858951
0.00083748
0.000949715
0.000898407
0.000869677
0.00102454
0.00100771
0.000907512
0.000884124
0.000983241
0.00104887
0.00109197
0.000864951
0.0023624
0.00086966
0.000881349
0.000955941
0.000956405
0.000895294
0.000921428
0.000955337
0.00145642
0.000947185
0.000836838
0.000899962
0.000834962
0.000871409
0.000812382
0.0009754
0.000844773
0.00272835
0.000953782
0.00106529
0.000823204
0.00188648
0.000853331
0.000883666
0.000855144
0.00102632
