6.60362
0.837748
11.6386
1.97541
10.536
1.28203
7.14881
0.902914
12.7809
1.53071
9.29943
1.16713
13.7622
1.59959
7.46379
0.942488
9.39132
1.04897
2.06127
0.219415
10.53
1.36174
7.1474
1.10273
15.4842
1.98929
4.77835
0.553789
11.2039
1.50568
8.15748
1.03513
16.9134
1.77958
10.7124
1.42962
8.28655
1.12955
14.7905
1.89553
15.4368
1.63567
10.803
1.25029
10.686
1.33678
12.3469
1.50901
11.8791
1.83602
4.79844
0.741853
12.9673
1.38978
13.7638
1.90196
8.36592
1.12499
8.04399
0.957346
13.7811
1.61062
17.0931
2.08597
6.24911
0.666229
9.01512
1.06045
11.6227
1.58733
6.64506
0.815394
16.7833
1.80724
2.84197
0.328312
5.58327
0.622368
13.3186
1.62596
3.57446
0.43959
9.42928
1.00998
9.74831
1.39671
10.8085
1.13982
17.0689
2.22916
8.91685
1.03335
6.99812
0.943714
9.00219
1.19218
11.5973
1.4809
9.51499
1.54741
15.4016
1.78777
14.5539
1.92698
7.97558
0.868935
9.53967
1.27424
6.87316
0.826032
12.1692
1.56771
9.57864
1.39709
12.7405
1.9335
14.859
2.02503
10.7812
1.47291
11.7816
1.39936
15.3218
2.36996
9.19079
1.23792
14.1415
1.50927
10.1228
1.54426
14.4911
1.89869
8.23142
0.994888
17.3732
2.11452
11.7051
1.70684
12.4712
1.65792
8.15493
0.857793
11.8922
1.53583
13.9438
1.84521
12.8597
1.56342
9.69032
1.28393
11.5477
1.41163
11.9707
1.63137
4.43008
0.431949
6.0886
0.717085
6.53191
0.778514
9.5329
1.02434
14.2259
2.03195
4.19168
0.634324
13.1121
1.49331
9.60382
1.5964
5.62536
0.753201
16.1058
1.87424
13.0031
1.85397
3.16242
0.36201
9.08044
1.20226
2.45218
0.275492
11.0424
1.3793
8.34702
1.15022
3.66165
0.4322
9.3995
1.02999
5.15088
0.540829
7.45795
1.17004
13.6351
2.06755
5.40415
0.620867
15.5095
2.07713
1.13716
0.146194
3.24084
0.381143
5.15805
0.580397
11.4394
1.64892
5.55065
0.807446
6.83452
0.840417
14.0916
1.6986
6.64041
1.08628
14.0297
1.54126
13.3416
2.05975
10.8431
1.25388
9.24439
1.0803
12.1836
1.55208
15.4992
2.28775
12.9752
1.4485
7.87646
0.862598
13.6847
1.44812
12.0657
1.5409
15.504
2.16322
5.07884
0.519509
12.3634
1.55709
13.8802
2.07711
7.4973
1.08468
3.13524
0.343286
4.98581
0.607866
3.5915
0.437298
2.95297
0.311787
11.1096
1.67789
12.6783
1.5768
12.9484
1.77064
13.771
1.60582
13.0263
1.62715
8.22431
1.16522
7.26761
0.988493
13.6342
1.72984
17.1656
2.14574
12.5571
1.46898
8.33194
1.3431
8.35643
1.07505
9.2505
1.02698
5.03023
0.693195
11.1271
1.52529
16.9145
2.46523
4.37317
0.566062
8.02328
0.993488
11.3282
1.2403
5.83661
0.780694
10.3824
1.64052
12.8349
1.23404
11.2832
1.58226
7.26994
0.734609
15.9925
1.72867
9.52537
1.30745
11.5955
1.64998
7.23671
0.989281
15.0605
1.8146
6.25318
0.888247
11.6444
1.46166
9.37892
1.07296
7.51282
0.936252
2.3472
0.24355
18.374
2.51561
2.55971
0.330316
8.99775
1.01457
7.24428
0.994956
9.45823
0.959588
4.40131
0.59262
7.6794
0.996745
15.9602
2.00145
15.0749
2.24346
12.3986
1.69102
3.52286
0.512145
8.43639
0.85408
11.7125
1.25185
12.0433
1.32246
10.6737
1.2076
6.04751
0.693384
9.65785
1.45028
6.2378
0.773063
6.70905
0.938661
13.4631
1.62683
12.5787
1.44121
13.1537
1.45103
5.68854
0.952341
9.44696
1.38566
5.03011
0.592155
11.3509
1.77162
9.25206
1.76908
5.3838
0.754454
6.93594
0.738749
11.4426
1.19585
16.7604
2.10506
9.9006
1.38462
5.54983
0.675806
9.22582
1.55845
7.85473
0.993098
10.0702
1.78193
4.59174
0.458511
15.1076
2.2096
13.9851
2.23762
4.91584
0.615549
11.665
1.63919
3.45732
0.42424
13.1986
1.43762
6.92657
0.847354
3.26427
0.308921
13.3653
1.95586
15.0585
2.08581
17.1223
2.41633
1.89203
0.209673
1.44179
0.208911
14.9244
2.35377
13.8997
1.94728
9.55438
1.13303
7.12007
0.819225
10.3705
1.40844
15.304
2.09749
7.34
0.80398
8.91445
1.03
12.3451
1.53372
13.4074
1.93222
9.48798
1.37212
10.2726
1.43952
7.31121
1.15847
13.4502
1.64639
9.95187
1.33114
10.1313
1.3532
6.5737
0.668855
13.7398
1.57106
7.65047
1.018
8.90678
1.1837
3.1381
0.472285
15.2297
2.09638
8.45958
1.15831
15.8344
1.91328
10.0228
1.2976
11.219
1.42447
5.48992
0.691076
13.9821
1.56375
14.6417
1.97906
15.371
2.08585
10.1845
1.16124
10.3454
1.18567
15.7178
1.52302
11.0432
1.73215
2.34001
0.290534
10.2913
1.15407
9.04321
0.973341
15.2553
1.93344
9.94427
1.40351
15.5655
2.38597
11.4644
1.51833
12.42
1.9126
11.7812
1.61005
12.9261
1.93215
3.3818
0.47383
6.14364
0.729196
5.9912
0.994948
13.4946
1.73445
5.50263
0.579852
4.06107
0.520133
10.9719
1.28026
4.77006
0.683271
12.5973
1.49149
12.152
1.73057
13.8265
2.03285
11.2547
1.20124
11.2981
1.59996
8.43725
1.37138
12.212
1.37106
15.8213
2.31076
12.5889
1.63633
11.4534
1.5673
7.93453
1.07354
15.6144
1.77544
11.0853
1.49994
15.3676
2.07357
9.67297
1.51165
6.99228
1.15799
13.104
1.75164
14.9076
2.06942
12.7012
1.92101
11.2903
1.92808
11.1355
1.49511
5.61615
0.626736
11.4384
1.88279
4.43092
0.597914
16.9061
2.56976
10.4324
1.39549
6.20347
0.658245
17.6405
2.33397
3.24077
0.572603
13.1592
1.63488
15.436
2.47219
11.6566
1.56482
5.81685
0.597139
4.75657
0.772464
12.3074
1.53387
5.46508
0.55914
7.05809
1.0457
9.31228
1.0463
9.99475
1.47036
9.16859
1.06898
7.46866
1.02304
16.4271
2.07721
11.4379
1.54862
10.1203
1.28458
12.0347
1.76452
6.10028
0.730433
7.31837
0.84902
15.0949
2.02955
12.4628
1.81276
5.43987
0.807033
6.37176
0.874077
11.4678
1.28232
10.1035
1.30219
11.3055
1.2886
13.7343
1.91146
12.2815
1.55569
12.6627
2.02022
6.26095
0.746444
9.09849
1.40655
13.3743
1.64612
8.53298
1.16651
4.73603
0.537947
13.8233
1.8793
8.56825
1.28632
11.5632
1.36172
11.9053
1.44239
8.12708
1.2267
12.7344
1.93673
11.6198
1.72463
3.84055
0.416736
14.4675
2.02778
7.22048
0.78536
13.9063
1.78867
2.8209
0.369802
7.9417
0.834247
8.12414
0.798939
8.52254
1.08738
11.1248
1.45351
6.05763
0.661557
13.9879
1.68328
9.7866
1.54778
8.66271
1.11261
6.53072
0.699451
9.88993
1.43379
11.7835
1.72496
5.59662
0.592124
15.0551
1.85857
3.23607
0.439161
16.2892
1.98667
13.5016
1.82115
3.75946
0.540709
14.0374
1.82738
13.5978
1.85011
2.5027
0.371413
8.79583
1.53945
10.2833
1.35063
3.84062
0.538787
10.5491
1.53167
16.5684
2.42587
11.5282
1.44882
5.81179
0.706344
14.485
1.81074
5.20476
0.650935
10.5001
1.39724
7.79012
1.19187
10.0256
1.54605
20.1755
2.46386
9.56687
1.39421
6.57758
0.979671
6.09475
0.772495
10.5798
1.30139
8.27824
0.945104
11.9977
1.29915
7.3794
0.715841
5.28141
0.628545
3.65824
0.445948
14.3763
2.31863
2.468
0.26768
10.337
1.28777
6.52627
0.783151
7.83181
1.25266
9.82079
1.50878
10.831
1.35247
12.8266
1.87361
12.8234
1.4591
9.87288
1.42172
9.88144
1.11605
7.06211
0.906583
10.5145
1.44559
10.9294
1.32164
13.5674
1.54302
16.4139
1.94518
12.1815
1.47102
13.0771
1.70183
5.50394
0.784435
5.1295
0.527355
9.91945
1.10432
7.27337
0.754313
5.37259
0.599209
11.3971
1.38263
16.3241
2.09607
7.44627
0.88701
6.55987
0.820976
9.60713
1.12679
9.45655
1.385
15.8304
2.14646
7.00616
1.14317
15.2717
1.67746
9.79356
1.74425
11.5381
1.55476
5.80421
0.99238
14.6315
1.84711
16.1025
2.10207
11.5536
2.01041
8.60784
1.00236
12.9669
1.46501
7.24497
1.2188
11.8645
1.45387
15.1102
2.17048
3.54242
0.417494
9.57038
1.26176
9.65658
1.23225
8.22058
1.17057
14.7462
1.57879
7.74419
1.06866
10.0406
1.18504
12.8968
1.86847
4.23793
0.558114
6.85152
0.883052
10.6282
1.25632
4.20075
0.571416
11.9781
1.47573
14.1996
2.05838
7.32661
0.780249
14.5789
2.18684
4.48923
0.526972
5.85163
0.816898
12.7639
1.89851
3.60045
0.490448
11.3684
1.55303
8.04348
1.2401
12.2118
1.36847
11.9115
1.21952
9.05024
1.42822
8.52241
1.28149
15.591
1.62983
11.3657
1.86261
14.6635
2.25142
12.9954
1.83275
11.1782
1.53324
11.1482
1.38529
12.7231
1.36662
13.3997
1.76062
9.01503
1.11534
14.8947
2.02641
4.02086
0.43798
13.5445
1.58922
14.3194
1.91175
3.34122
0.426383
8.99302
1.02246
4.86219
0.625367
13.1384
1.83621
14.7096
1.9231
11.3058
1.58534
2.11617
0.290462
11.263
1.43127
10.8256
1.56357
5.13882
0.485665
14.813
2.10026
8.52381
1.23269
7.96873
1.27533
10.0522
1.24647
2.79338
0.325695
12.073
1.6958
10.268
1.69872
4.78002
0.716802
8.63229
1.03031
7.49987
0.803904
14.4183
2.24592
8.63541
1.43828
4.8293
0.671467
12.0502
1.75133
7.18111
1.02914
9.35729
1.54478
5.53127
0.610245
16.2513
1.91599
8.06116
1.00079
11.0665
1.39074
13.6192
1.65085
10.1583
1.17954
5.82618
0.844371
7.08983
1.10663
11.5324
1.60096
16.9234
1.98653
7.79111
1.18495
6.56648
0.885941
7.16254
0.768795
12.8783
1.63371
16.006
1.63265
13.0598
1.8928
15.8544
2.04263
13.9567
1.81688
10.7257
1.20189
10.2141
1.22215
8.47582
0.937562
15.9697
2.42287
10.733
1.36924
10.2209
1.45069
3.38196
0.341419
17.5678
2.70986
4.91206
0.58709
10.4052
1.70714
17.071
2.1051
10.1716
1.27749
8.03075
1.12136
7.874
1.07998
8.2539
0.857802
8.78545
1.01628
12.3238
1.56893
12.7847
1.66611
1.5754
0.151082
6.29712
0.6854
7.604
0.867346
15.4839
1.73257
17.2759
2.12221
3.85183
0.422405
2.38393
0.383255
13.3016
2.11123
12.5662
1.33141
5.65155
0.779155
7.80382
1.19724
4.95137
0.691162
5.98714
0.710547
10.4976
1.5009
6.28647
0.934232
8.87323
0.911289
16.1621
1.85847
1.54821
0.146286
9.88517
1.27608
5.63654
0.778314
9.12985
1.02951
9.60099
1.57742
16.8349
2.36552
1.7114
0.15397
15.0533
1.90796
4.52476
0.775765
10.0072
1.49961
8.49072
1.35026
14.014
1.58441
12.3066
1.29347
9.35518
1.57945
10.4693
1.19674
7.56737
1.03177
13.1177
1.34455
7.59846
1.15525
12.3596
1.51322
10.8755
1.6211
16.0943
2.01358
8.46547
1.2716
1.38933
0.143555
11.2761
1.43493
11.6536
1.84409
6.44112
0.788425
15.7421
2.31799
7.46184
0.993236
9.88844
1.24501
7.2573
1.12677
16.2823
2.09304
6.48868
0.876867
11.1774
1.40355
8.37835
1.38473
3.46115
0.38525
10.3843
1.4523
17.7237
2.50012
5.53875
0.714933
2.92116
0.366859
10.5298
1.25204
12.0843
1.56492
12.5677
1.97101
12.4362
1.61784
10.9391
1.64745
14.9458
1.71606
13.9584
1.85608
5.36321
0.806342
11.9866
1.41389
11.7823
1.9706
4.72349
0.520382
11.1402
1.21186
12.4435
1.69536
15.8988
1.93521
7.64172
0.783337
6.37779
0.778762
14.0118
1.57632
11.005
1.64208
16.6806
1.90124
12.6627
1.75088
16.4992
2.00131
13.1667
1.53644
12.7834
1.2952
5.24331
0.653448
5.16389
0.80347
3.86047
0.387877
12.3685
1.88021
8.09423
1.03388
6.96466
1.0199
12.3897
1.42624
8.27007
0.957035
7.01464
1.00161
6.31591
0.957035
5.49204
0.741984
5.39867
0.512112
7.9579
1.11914
13.8476
1.86084
11.0751
1.32937
9.0816
1.31359
14.2246
1.91978
14.2498
1.92303
5.71642
0.729378
10.1489
1.26859
7.02928
1.2453
2.2892
0.246684
12.2018
1.39596
4.95103
0.63298
11.6927
1.27136
14.7962
1.62703
11.4277
1.5512
5.76513
0.74975
16.2547
1.80363
13.9295
1.60644
13.1682
1.80514
10.0481
1.06781
9.38953
1.32835
11.9779
1.66732
3.6952
0.456876
11.165
1.43603
12.5258
1.28437
12.9001
1.37015
6.19219
0.664661
10.3565
1.21895
12.133
1.35982
5.11392
0.620441
4.57617
0.509899
3.71176
0.4572
19.1635
2.53512
6.85009
0.99024
3.8095
0.568255
5.88719
0.657305
14.4975
1.65597
13.8173
1.84661
13.5803
1.37046
14.584
1.80669
11.0823
1.69089
6.7542
0.928554
12.4037
1.48998
10.3171
1.47746
5.86984
0.705569
15.5472
2.08342
11.2258
1.58044
3.88058
0.366343
3.48354
0.365688
9.06312
1.10561
10.9086
1.70532
12.8306
1.70988
9.05687
1.56664
14.4423
1.61842
9.80843
1.03606
13.5541
1.92038
6.77695
1.08312
8.20928
1.2107
11.9682
1.87676
8.1222
1.32952
12.1375
1.73672
13.09
1.62338
7.76341
1.14784
14.2608
1.75796
13.3915
1.92143
8.54919
1.20974
11.2951
1.51599
12.4996
1.46557
10.1184
1.35889
6.80988
0.990886
7.68398
1.20213
7.72502
0.886624
8.34284
1.03378
14.8902
2.21212
4.14367
0.595481
11.3953
1.27593
14.1538
1.8547
9.18336
1.53477
11.1724
1.65848
11.8562
1.51735
12.8393
1.71391
12.0796
1.43843
9.63488
1.13489
10.4213
1.36414
5.68367
0.572454
13.5223
1.89303
14.001
1.97344
14.4714
2.08949
3.36343
0.451092
13.5685
1.50023
2.06138
0.195599
12.1614
1.41952
12.571
1.94043
3.62792
0.483817
17.1145
2.21954
3.02593
0.432915
7.54871
0.780521
3.87404
0.507425
13.8746
1.61589
14.1438
1.56048
11.1282
1.44425
18.2138
2.23257
15.4456
2.13585
13.1643
1.8014
12.8482
1.30488
10.7559
1.26849
10.5497
1.7048
11.5116
1.60482
11.4776
1.38696
8.84285
1.23513
14.6657
2.33058
8.52574
1.1413
17.4841
2.04462
9.80119
1.441
8.91529
0.999402
10.1403
1.42933
11.9565
1.81484
8.09553
0.856367
15.5225
1.98737
8.36723
0.93725
8.29081
0.977815
14.462
2.08723
10.7181
1.45828
9.27868
1.43513
14.7211
2.0227
6.91218
1.10177
8.27062
1.19151
10.6746
1.54047
9.69277
1.47813
3.4449
0.398114
11.9689
1.70154
2.69486
0.344525
10.9429
1.46707
18.0897
2.50803
12.7064
1.70571
12.0992
1.60597
3.76864
0.56489
14.7182
2.2115
6.84895
0.816384
8.09188
0.882565
8.48208
1.26787
7.5852
1.10096
10.1504
1.25374
11.2774
1.32822
6.9471
0.818572
15.2022
1.7315
11.3426
1.2389
10.3362
1.38469
8.41376
1.2433
9.62931
1.36539
9.05741
1.38825
7.18563
1.21307
5.82256
0.875019
9.12962
0.998761
17.5427
2.39183
13.5104
1.63508
14.7935
1.51888
11.699
1.68927
9.99212
1.21447
10.2127
1.23198
14.1809
2.15394
7.12912
1.00418
9.76762
1.50942
8.47043
0.996235
3.30845
0.395062
12.2489
2.01851
10.3959
1.20931
12.2691
1.27956
15.4755
1.86329
7.05599
0.896795
11.5999
1.61533
13.3035
2.00503
11.6697
1.57774
5.6366
0.764223
10.6646
1.34784
18.5621
2.29908
14.6148
1.90398
14.6934
2.34044
9.65515
1.55976
16.2378
2.02494
14.6917
1.62035
4.37856
0.673798
14.8599
2.2649
13.158
2.04301
6.2555
0.856809
7.05834
0.771087
17.6255
2.21681
15.5109
1.77316
10.5124
1.5294
4.10257
0.449128
8.88519
1.08136
11.6296
1.28189
12.0318
1.33823
12.632
2.17664
9.49306
1.20328
8.16348
0.877347
4.72443
0.52846
1.93289
0.215626
13.4322
1.66393
7.52302
0.965997
14.597
1.78746
10.9434
1.39563
15.3899
2.08213
11.4632
1.52775
15.336
1.85449
7.67412
0.991629
11.7467
1.73463
11.0922
1.14401
5.40908
0.601359
9.07874
1.04903
3.31697
0.533746
11.8477
1.39465
2.89855
0.296709
8.32859
1.19437
11.0692
1.72532
10.5744
1.3412
12.0687
1.8917
8.46295
1.40819
10.1922
1.5327
7.18758
0.797804
7.78035
1.28032
15.4533
2.03501
4.88692
0.568749
15.0325
2.22295
6.73125
0.824929
8.69164
1.27736
3.10389
0.377983
8.59998
1.19429
5.95733
0.999156
6.84519
0.866281
2.72866
0.369971
10.9815
1.68559
10.2102
1.46278
9.17117
1.13365
12.0588
1.62735
10.0582
1.50058
14.314
1.77019
7.27222
0.973411
4.83753
0.715617
7.96553
1.1175
16.03
1.71792
13.3623
1.66336
5.33097
0.552614
11.9226
1.68
1.59253
0.215665
6.4388
0.735509
11.4068
1.50292
5.37145
0.551178
11.2605
1.78175
15.9399
1.77823
7.7583
1.23326
9.0946
1.21995
15.0283
1.71766
11.4866
1.31711
7.58709
1.00953
14.804
1.69066
2.78953
0.515488
5.29684
0.584891
11.9794
1.50691
11.6083
1.50983
12.1346
2.01514
12.066
1.50832
4.65656
0.578283
15.7345
2.09122
8.41097
1.21729
13.102
1.77659
3.7308
0.432039
15.5864
2.60603
11.7334
1.96246
13.6717
1.40217
5.03719
0.650352
10.5422
1.49772
12.516
1.94938
9.43442
1.16374
12.0371
1.43142
11.3037
1.47995
10.6402
1.4348
5.86943
0.739651
7.50173
1.09565
14.4316
2.22616
7.74928
1.19326
7.20054
0.899736
3.92697
0.503305
14.749
1.79821
7.15183
0.904362
12.5908
1.98501
14.7548
1.59251
8.32212
1.11017
11.97
1.54983
12.7777
1.84421
10.7436
1.37628
9.94544
1.39778
6.2664
0.783553
10.9579
1.31807
9.84415
1.50009
9.44033
1.50786
4.66114
0.636081
1.25346
0.154751
11.5269
1.35179
16.1151
1.9137
10.2312
1.38575
10.1874
1.53407
1.47594
0.170224
9.05462
1.42799
13.7785
2.0266
16.5119
2.20996
7.07225
0.966815
6.2162
0.989617
10.8395
1.57681
9.4665
1.15846
10.7757
1.52004
3.20463
0.37666
13.5732
1.7313
15.067
1.8975
12.5858
1.87596
10.1557
1.65422
7.77635
1.00488
2.39746
0.26261
15.0499
1.71235
17.6123
2.25421
14.1349
2.15025
8.31947
0.913443
11.0509
1.48908
9.7188
1.18584
16.311
1.7737
10.7928
1.14799
9.27131
1.10459
16.0861
1.81408
8.11988
0.873909
4.84136
0.786663
5.5334
0.655077
13.9226
1.92307
6.26254
0.780511
3.79998
0.427749
14.7232
2.06392
9.83267
1.40172
11.6813
1.66408
14.6563
1.48221
5.50705
0.889413
11.4791
1.25381
10.8818
1.19956
12.9736
1.75663
16.3558
2.17146
15.7329
2.60238
12.9549
1.58012
8.73441
1.14128
15.1259
1.65264
15.5087
2.19439
16.8937
1.90853
14.1361
1.98866
17.048
1.96409
17.349
1.82729
14.3119
2.20467
13.3685
2.06936
9.33093
1.12942
10.2409
1.17774
7.12667
1.0604
13.6286
1.88755
10.8885
1.64277
7.47257
1.00735
4.35306
0.549212
10.1078
1.49755
11.517
1.34383
7.89457
1.09495
6.41312
0.926412
11.2077
1.16664
10.0385
1.44716
8.47451
1.16815
11.1349
1.21919
5.83828
0.659781
12.9208
1.87957
2.52215
0.341105
14.239
1.92924
7.27793
1.24826
7.05116
1.15176
7.52451
0.961017
4.54161
0.654959
8.95221
1.04426
9.44901
1.58399
9.52145
1.33042
9.73473
1.35018
13.8972
1.7598
5.19977
0.644118
17.4036
2.4095
7.71012
0.975847
5.99934
0.911543
