0.000555287
0.000834364
0.000599698
0.000563425
0.000671588
0.000570167
0.000785145
0.00056853
0.000631992
0.000784744
0.00061261
0.000594219
0.00119524
0.000614252
0.000542252
0.000563192
0.00128826
0.000585257
0.000547759
0.00105415
0.000974976
0.000646301
0.000627272
0.000598704
0.000755096
0.00062086
0.000687121
0.000957891
0.000554995
0.000579556
0.000788767
0.00157891
0.000619532
0.000602107
0.000601642
0.00055861
0.00128696
0.000542521
0.000600248
0.000765061
0.000507156
0.000657401
0.000580191
0.000710658
0.0036618
0.000598958
0.000568345
0.000558787
0.000551224
0.000658886
0.00105971
0.0010658
0.0006013
0.000571699
0.000559877
0.00061773
0.000584397
0.000911352
0.00114335
0.000613933
0.000567328
0.0029379
0.000566545
0.000787546
0.000632656
0.00103752
0.000575738
0.00328626
0.000669876
0.000678822
0.00062373
0.000588221
0.000953123
0.000695298
0.000576641
0.00055409
0.000639185
0.000716552
0.000560883
0.000576968
0.000663458
0.00111428
0.000677794
0.00069282
0.000706275
0.000547571
0.00122603
0.000887547
0.000566455
0.000564451
0.000552734
0.000608929
0.00055548
0.000532132
0.000632597
0.000635929
0.000586229
0.00107015
0.000591756
0.0012377
0.000589929
0.000571915
0.000618337
0.000627994
0.000574563
0.000550203
0.000877408
0.000642783
0.000786687
0.00105566
0.000657009
0.000601433
0.000611933
0.00263721
0.000658535
0.000601655
0.000715126
0.000602941
0.00224681
0.000676559
0.000618111
0.00109842
0.000576479
0.000535127
0.000581295
0.000513551
0.000565139
0.000765657
0.000683569
0.000825208
0.000785145
0.000747284
0.000553626
0.000573589
0.000839423
0.0035304
0.000618622
0.000635526
0.000564792
0.00061765
0.000576721
0.000652599
0.00445415
0.000598079
0.000581093
0.000588917
0.000550204
0.000711036
0.000763479
0.000589611
0.000659424
0.00111612
0.000574674
0.000630622
0.000572687
0.00102792
0.000571667
0.000545224
0.00062255
0.000573512
0.000671382
0.0490428
0.000457825
0.00061433
0.000566695
0.000708925
0.000611728
0.000573521
0.00129323
0.00226606
0.000686604
0.000609325
0.000668674
0.000619578
0.000622563
0.000651067
0.000579606
0.000577121
0.000561463
0.000576879
0.000774412
0.000608682
0.000677821
0.000647397
0.000580692
0.000603462
0.000689489
0.00098162
0.000544926
0.000640829
0.000617727
0.00146827
0.000579012
0.000551608
0.000719506
0.000580427
0.000859215
0.000824351
0.00221843
0.00215999
0.00058538
0.00062668
0.00055831
0.000674701
0.000561692
0.000628388
0.000978411
0.00118983
0.00555405
0.000822432
0.00109973
0.00259294
0.00100373
0.000598472
0.00057718
0.000589104
0.00121621
0.000598157
0.000597286
0.000604643
0.000967825
0.000583729
0.000578078
0.000598793
0.000786896
0.000586256
0.000589921
0.000646835
0.000769827
0.000563588
0.000560042
0.000603302
0.00120418
0.000566466
0.00117287
0.000576952
0.000514015
0.000547846
0.000788383
0.00111135
0.00122601
0.000631837
0.000614829
0.000965819
0.000805626
0.000538233
0.000641913
0.000651503
0.00111339
0.000579401
0.00328404
0.000557188
0.000828706
0.000623068
0.000940699
0.000619452
0.000576016
0.000674939
0.000837233
0.000617032
0.000617583
0.00063993
0.000597521
0.000632504
0.000700481
0.00106479
0.000598025
0.000595186
0.000649919
0.000595017
0.00270577
0.000693054
0.00058214
0.000575694
0.00107599
0.000639374
0.00121873
0.000617674
0.000627737
0.000818968
0.00116889
0.000898961
0.000796203
0.000641018
0.000598923
0.000764239
0.000600312
0.00541288
0.000583782
0.000628887
0.00458179
0.000747024
0.000757672
0.00368948
0.00058939
0.000634196
0.00062888
0.000604643
0.000638946
0.000586331
0.000619285
0.000576819
0.000596077
0.000568747
0.00139371
0.00057377
0.000575535
0.000722552
0.000565129
0.000566749
0.00116655
0.000771687
0.000582645
0.000569764
0.000571939
0.000575085
0.000561687
0.00096814
0.000616878
0.000965146
0.000569953
0.000600025
0.000773585
0.000561995
0.000645131
0.000945412
0.000596732
0.000570605
0.000558549
0.000580224
0.000911352
0.000664193
0.00061523
0.00112373
0.000611409
0.000900819
0.000502154
0.000617907
0.000678226
0.000581388
0.000606283
0.000597747
0.000853619
0.000648327
0.000571943
0.000623376
0.00057027
0.000679795
0.000640895
0.00105225
0.000508794
0.00133379
0.000897989
0.000602846
0.000957989
0.000916307
0.000477192
0.000787616
0.00059852
0.000621706
0.000634942
0.00431154
0.000535111
0.000558962
0.000991932
0.000576014
0.000590499
0.000574584
0.000633345
0.0251478
0.000584397
0.000602299
0.000556305
0.000613613
0.000583332
0.000624083
0.000695481
0.000574813
0.000516187
0.00246998
0.000535674
0.000585918
0.000577944
0.000635724
0.000617777
0.000635326
0.000877569
0.000648675
0.000595516
0.000631977
0.000569062
0.000578921
0.000638073
0.000739578
0.00131505
0.000577948
0.000791773
0.000554194
0.000659793
0.000637404
0.000640257
0.000578229
0.000540555
0.00139418
0.000587309
0.000561834
0.000607896
0.000580786
0.00230541
0.000624343
0.000961605
0.000825805
0.000578087
0.000699856
0.00102704
0.00139709
0.000861894
0.000600428
0.00066317
0.000634245
0.000559565
0.00213505
0.000550131
0.000584126
0.000586354
0.00055347
0.000877748
0.000565621
0.000596593
0.000882892
0.000635985
0.000554994
0.000635995
0.000611206
0.000575866
0.00113208
0.000623683
0.00212813
0.000633992
0.000564962
0.000882151
0.000593055
0.000575803
0.000597388
0.000620906
0.00066529
0.000622796
0.00058995
0.000989066
0.000751437
0.00229202
0.000875148
0.000657125
0.000617669
0.000675054
0.000852396
0.000578047
0.00114645
0.000592665
0.000765818
0.00103472
0.000542752
0.000606821
0.000587504
0.000889486
0.00107325
0.000591878
0.000600511
0.000518934
0.000679728
0.000757132
0.00119596
0.000576835
0.000625093
0.000592384
0.000572488
0.000679173
0.000770386
0.000596159
0.000584643
0.00061581
0.00221494
0.000673414
0.000600661
0.000706722
0.000572211
0.000656166
0.00059137
0.00128323
0.000574344
0.000617738
0.000797628
0.000612516
0.000577295
0.000601719
0.000603692
0.00140343
0.000572778
0.000564324
0.000623903
0.000737297
0.00107353
0.000909919
0.00125364
0.000935632
0.000663986
0.000610989
0.000622554
0.004104
0.000613274
0.000577446
0.000625599
0.0107352
0.000604519
0.000769862
0.00160899
0.000581795
0.000556539
0.000569501
0.000624941
0.000607087
0.000623994
0.000748048
0.000848678
0.00059972
0.000587919
0.00102929
0.00341959
0.000614186
0.000506526
0.00163773
0.000658064
0.000551237
0.000583227
0.000579243
0.000554252
0.000613535
0.000595762
0.000682465
0.00122562
0.000848678
0.000572713
0.000556158
0.000599866
0.000690861
0.0039307
0.00111742
0.00108276
0.000694082
0.000597729
0.000629473
0.000809537
0.000651167
0.00070413
0.000619952
0.000577093
0.000738623
0.000574723
0.000600008
0.000702945
0.00132674
0.000590163
0.000776422
0.000521019
0.000746699
0.000568292
0.00270577
0.000579285
0.00059323
0.000587016
0.00139418
0.000563282
0.000626615
0.000654103
0.000623545
0.000574013
0.0125831
0.00052855
0.000487459
0.00062288
0.000613407
0.000928121
0.000650865
0.000738776
0.000946048
0.000958057
0.000581066
0.000586541
0.000847182
0.000673696
0.000715579
0.000691951
0.00125069
0.000656921
0.000575718
0.000807651
0.00073296
0.00130616
0.000767771
0.0013573
0.000707117
0.000718667
0.000567183
0.000600044
0.000657388
0.000802009
0.000564685
0.000590243
0.000574896
0.000581579
0.000588567
0.000593338
0.000547869
0.000719771
0.000566612
0.000936431
0.000646845
0.000574362
0.0010401
0.0010401
0.0005411
0.000587623
0.000698696
0.000668603
0.000590731
0.000581972
0.000591122
0.00089745
0.000575853
0.000553716
0.00121726
0.000806014
0.000876127
0.000671332
0.000582827
0.00066345
0.000548499
0.000603894
0.000668129
0.000689319
0.000619239
0.000614654
0.00061018
0.000595977
0.000724583
0.000560341
0.0490428
0.000588403
0.000633009
0.000595057
0.000888557
0.000931281
0.000756485
0.00100404
0.000770666
0.00057285
0.00059773
0.000589694
0.000562251
0.00125225
0.000583603
0.000670839
0.000630889
0.000583716
0.000773168
0.000776736
0.000763251
0.000862557
0.000672909
0.000964879
0.000616654
0.000571319
0.000784262
0.000637457
0.000703203
0.000744252
0.00057302
0.000934887
0.000957913
0.000572164
0.000549975
0.000594131
0.000592053
0.000596159
0.000582731
0.000583688
0.000566433
0.00216941
0.000648999
0.000569296
0.000985565
0.000702543
0.000756196
0.000581269
0.00077867
0.000566694
0.000601739
0.000603865
0.000637662
0.000932021
0.00106256
0.00116326
0.00053052
0.000727566
0.000896633
0.000597176
0.00089792
0.000595912
0.00362047
0.000506453
0.00064653
0.000604849
0.000796251
0.000803094
0.000603904
0.00850418
0.00216523
0.000876127
0.000714599
0.000632461
0.000776191
0.000602494
0.000542893
0.000573261
0.00249732
0.000564992
0.0016346
0.000574851
0.000622472
0.000566577
0.00075106
0.000618646
0.00119122
0.000608984
0.000582671
0.00115878
0.000595528
0.000574845
0.00113038
0.000616109
0.0005514
0.00065639
0.000598814
0.000594846
0.000676641
0.000478597
0.000610034
0.0125831
0.000750577
0.000634459
0.000617701
0.00216941
0.00056123
0.00060062
0.000602001
0.000572915
0.000602283
0.000558575
0.000576152
0.000983202
0.000590319
0.0005772
0.000588976
0.000605735
0.000592754
0.000643424
0.000582707
0.000626596
0.00537517
0.000783175
0.000851491
0.000658312
0.000594615
0.000610076
0.00198726
0.000567868
0.000617415
0.000598779
0.000604274
0.00090664
0.0006203
0.000644081
0.00111016
0.000571535
0.000611035
0.00101152
0.000600962
0.000550945
0.000629544
0.00987023
0.00105078
0.00255792
0.000666821
0.00133962
0.00088231
0.00066062
0.00229202
0.00104487
0.000564052
0.000618567
0.00407364
0.00105783
0.000630789
0.000635867
0.000593287
0.000586419
0.000625442
0.0017261
0.000578002
0.000614071
0.000656919
0.000721536
0.000793989
0.000569034
0.000984038
0.000612053
0.00121873
0.000562681
0.00107726
0.000573691
0.000684927
0.000739511
0.000587691
0.000603439
0.000666742
0.000572054
0.000587195
0.000555514
0.000800514
0.000629134
0.000797553
0.000662536
0.000629058
0.000592235
0.00063323
0.00122421
0.00060399
0.00221843
0.000560146
0.000579399
0.000554164
0.000559435
0.00067959
0.000548536
0.000478729
0.000765041
0.000585358
0.000563893
0.000641575
0.000602193
0.000943373
0.000561584
0.000579237
0.00056377
0.00113093
0.000789391
0.00061485
0.000664575
0.000965103
0.000595182
0.000554991
0.000615564
0.000691492
0.00115207
0.000609836
0.000569802
0.00095995
0.000566402
0.000565703
0.000926107
0.000825664
0.000612545
0.000585885
0.00055944
0.000898033
0.00058988
0.000618082
0.00126395
0.000573992
0.000845925
0.000560143
0.00634231
0.000835749
0.00075473
0.000571129
0.000617675
0.000860586
0.000576766
0.00056545
0.000540659
0.000587077
0.000560362
0.000580999
0.00216941
0.000575502
0.000564474
0.000600039
0.000990036
0.000563425
0.000930162
0.000879976
0.000556416
0.000602232
0.000849908
0.000596704
0.000576662
0.000568631
0.000634876
0.000612741
0.000621069
0.000624393
0.000501745
0.00056818
0.00125564
0.000586091
0.000630704
0.000848624
0.000621518
0.00106215
0.00287759
0.000566844
0.000641239
0.000698301
0.000585687
0.000641999
0.000571527
0.000841309
0.00107405
0.000840965
0.000733759
0.000568553
0.000563253
0.00095995
0.004212
0.0019612
0.000613111
0.000636542
0.000580946
0.00118566
0.000700855
0.000593089
0.00119625
0.000615247
0.000637643
0.000555285
0.00100846
0.00056109
0.00057529
0.00116103
0.000585068
0.000644958
0.000828638
0.000621307
0.000596153
0.000680638
0.00081863
0.00273886
0.00634231
0.00072296
0.000568219
0.00093096
0.00237065
0.00135626
0.00108359
0.00148098
0.00150458
0.00213487
0.00106192
0.00057882
0.000624592
0.000585706
0.000929942
0.000720661
0.000567025
0.000618439
0.000601601
0.000580708
0.000577588
0.000583851
0.000606317
0.000566065
0.000559647
0.000710446
0.000581643
0.000895748
0.000453777
0.0010401
0.000673073
0.000615903
0.000575017
0.000621385
0.000600502
0.000703587
0.0005897
0.000588453
0.000883946
0.000581831
0.00555405
0.000568666
0.00059583
