7.23488
0.881902
2.58969
0.35436
8.63878
1.11802
9.95401
1.54646
10.8588
1.10827
7.95707
1.08271
13.5469
1.59017
2.01484
0.295922
9.66194
1.54789
10.7246
1.49994
9.97384
1.11416
4.23726
0.61331
8.83964
1.02084
2.97105
0.349988
4.41799
0.914031
10.089
1.17285
8.24603
0.976296
9.55597
0.85019
12.9657
1.99525
9.59008
1.20365
8.30185
1.86206
4.47819
0.492012
6.0047
0.861726
5.26582
0.866596
1.67302
0.141493
8.12323
1.1431
5.26447
0.710432
8.306
1.36125
4.45122
1.03452
12.5419
1.13091
7.63268
1.28487
3.24138
0.501966
13.3106
1.35153
6.17755
0.780352
13.0101
1.33443
12.3166
1.254
12.1106
1.33749
9.69139
1.51292
6.36798
0.930698
11.3567
1.18826
14.9887
1.37132
11.0611
0.984144
2.81671
0.707726
1.6664
0.276814
2.39596
0.300646
10.9551
1.04427
8.19686
1.89474
10.0327
1.07287
8.02944
1.00403
5.07541
0.632535
8.89188
1.40116
5.29312
0.487906
2.86714
0.448623
4.81088
0.624354
12.8587
1.63416
8.14214
0.929366
6.46093
0.697853
8.12843
1.20946
10.9946
1.25026
10.077
1.18097
8.25236
1.35565
6.00801
0.895852
7.71041
1.14193
12.1531
1.61359
2.3721
0.28716
8.87437
0.803726
4.82399
0.787332
11.8674
1.12556
5.21665
0.533647
10.2138
1.3672
12.5375
1.48704
5.66167
0.946813
5.86913
0.59234
10.561
1.63172
8.03426
1.25023
7.06196
0.910233
7.28176
1.46692
10.2361
1.77211
14.9667
1.97034
9.14869
1.29345
9.86821
1.43457
10.7344
1.53145
14.5031
1.19469
13.1177
1.51359
10.593
1.92761
12.818
1.38501
6.72356
0.89719
9.08563
1.1087
8.21357
1.03631
2.7405
0.690445
6.26709
0.886036
7.67223
1.51802
8.12269
1.1532
14.335
1.62611
6.46356
0.862131
2.10839
0.350051
8.94773
1.17175
5.93623
1.11961
4.87572
1.03216
8.15757
0.79833
13.5787
1.44158
3.20457
0.578276
5.80844
1.03477
3.39129
0.388124
10.9041
1.65182
8.46801
0.789356
5.7583
0.815547
6.57857
1.03221
6.06454
0.640734
10.7203
1.67631
6.64464
1.13624
9.90566
1.79544
7.74092
1.48269
2.96897
0.319064
7.22097
1.15573
5.13175
0.937041
4.09124
0.43915
12.6571
1.64081
5.92363
1.00153
5.55967
0.462357
8.84997
1.15214
9.53445
1.24408
7.04132
1.03794
14.7135
1.66592
15.5531
1.79791
8.82379
1.22339
8.82503
0.978666
2.99835
0.515999
6.36297
0.896266
13.0482
1.82752
7.59203
0.866425
3.47905
0.571021
11.3864
1.87451
9.81671
1.00761
13.0185
1.49287
6.97886
1.46468
4.95238
0.636062
13.3075
1.59798
8.41014
0.854722
7.67456
1.49656
8.95766
0.772848
5.48715
0.664616
4.83784
0.59256
10.6714
1.45046
9.67071
1.25524
10.6526
1.5482
7.16649
1.42967
2.79705
0.358134
7.53613
1.08448
11.5972
1.20225
13.773
1.73834
6.47815
1.23554
4.36024
0.699191
9.71976
1.0685
8.32661
1.19033
2.51473
0.522134
7.72759
1.25547
11.5632
1.11225
5.71991
0.486531
7.68359
0.867235
9.53866
1.53469
11.6603
1.17958
13.1789
1.52602
6.69013
1.03548
4.12796
0.467897
4.91412
0.957702
5.61669
0.594672
7.58057
0.89971
11.8024
1.50731
8.23236
1.34684
8.58185
1.6124
8.52408
1.7195
8.95988
1.21699
8.0344
1.50408
4.61432
0.736809
10.7731
1.07676
4.57073
0.613646
8.78096
1.3908
4.45579
0.880638
9.29733
0.994855
6.55621
0.55416
3.84059
0.600672
9.81145
1.42498
13.9665
1.54016
9.06563
0.749418
12.4803
1.11578
10.8676
1.48661
7.57156
1.07884
9.28893
1.05129
8.67895
0.950112
12.0547
1.3149
9.96226
0.920581
9.66261
1.2851
2.10592
0.15077
11.6313
1.1226
9.73746
1.08218
6.39242
0.872918
14.5303
1.72869
12.0065
1.39794
12.6075
1.72598
12.2018
1.89667
4.64861
0.737982
12.9288
1.49406
11.5418
1.71345
13.2705
1.57452
13.4777
2.07085
7.76358
0.984155
2.40345
0.433113
6.10375
1.15024
9.68046
1.57596
13.29
1.65931
5.47483
0.854525
8.59545
1.0654
14.4458
1.45091
4.62566
0.353829
10.2657
1.12896
8.37663
1.25499
3.49606
0.371196
3.11343
0.62707
7.18744
1.1878
13.1105
1.69599
11.9525
1.23719
9.33843
1.15928
10.4493
1.64563
9.14188
1.72626
8.93443
1.1791
3.18895
0.400286
9.94319
1.00468
7.22316
1.26104
3.41255
0.681929
9.36869
0.993392
6.89102
0.664573
3.42226
0.551782
7.80147
1.58235
5.80385
0.558732
5.77499
0.967717
11.61
1.59699
10.9734
1.49603
11.6889
1.5284
9.89314
1.31353
9.84956
1.41596
4.54025
0.442213
11.9398
0.823295
10.3257
1.36105
8.65464
1.42542
7.73146
1.18976
8.04663
1.01424
11.4953
1.1307
8.75424
1.13032
6.86998
1.09198
2.01255
0.344404
6.21611
0.724164
8.41943
1.10462
11.2408
1.18683
7.7029
1.18551
10.1166
1.03602
11.2117
1.62349
6.80245
0.871166
10.748
1.11614
10.3651
1.2119
6.13928
1.5442
13.9147
1.35001
11.8513
0.98385
12.8095
1.42576
9.08921
1.19738
11.2787
1.07914
9.63907
0.983491
8.93943
1.59489
9.05582
1.56831
6.73645
1.50296
8.01264
1.45995
7.94353
0.789419
2.75641
0.270749
4.09934
0.66633
11.4007
1.49619
5.0768
1.37008
11.0875
1.63786
12.9785
1.79756
6.18254
1.26128
10.9699
1.41807
4.60484
0.982071
9.55398
0.851615
10.799
1.46225
3.82969
0.481366
13.5811
1.47072
3.42347
0.445212
12.569
1.17746
10.6245
1.26907
10.4933
0.958873
5.94177
0.569332
6.09856
0.758006
9.76003
1.8482
9.14747
1.08149
3.2189
0.565635
7.94727
1.3224
12.9627
1.198
10.9618
1.71097
11.5503
1.03672
5.67108
1.07046
1.51604
0.17217
7.73192
0.898585
3.22924
0.62926
7.59725
0.797793
9.4666
1.25126
9.33943
1.13662
12.0424
1.01809
13.6418
1.62957
7.40762
0.647966
12.5951
1.32432
10.7347
1.4949
6.50395
0.49964
3.47884
0.481704
7.64841
0.730635
11.9483
1.1907
7.0522
1.18903
4.45227
0.633445
9.62403
1.30035
11.5462
1.32169
6.95757
1.32699
5.09029
0.547175
6.30647
0.612466
8.76313
1.15679
8.0493
1.18449
10.0554
1.54534
8.973
0.988616
8.66229
1.04516
7.3881
0.938825
5.63322
1.25539
7.98358
1.33379
7.88932
1.08183
5.16618
0.668429
7.54495
0.729565
6.94765
0.496725
10.8386
1.34638
7.14701
1.05494
12.4577
1.52692
2.06373
0.430149
4.15726
0.36553
5.09655
0.478122
8.6201
0.796459
6.37199
0.50203
7.11998
1.06791
8.58668
1.33109
11.1329
1.09819
6.18902
1.62047
10.7904
1.68882
11.2602
1.54864
6.33772
0.995522
13.3761
1.70504
13.6744
1.77869
5.61074
0.770441
8.54196
1.1883
5.32879
0.748158
5.63614
0.523632
11.2002
1.2856
10.3555
1.06855
8.28643
1.71535
5.4376
0.405141
10.5637
0.971753
9.25076
0.879569
3.57361
0.849091
1.09886
0.158854
7.73899
1.38263
5.64345
0.742911
11.8125
1.2645
2.72907
0.497815
6.84962
1.10144
9.60236
1.84783
9.79634
1.73054
8.92561
1.39043
4.43009
0.857589
4.52501
0.469922
7.10875
1.44824
10.6167
1.15972
5.27306
0.635704
7.39453
0.748676
6.99505
0.648789
13.8625
1.95737
7.93505
0.794863
8.38195
0.960155
10.0748
1.36134
8.39516
1.56876
10.4349
0.797163
8.49831
0.648052
9.63952
1.3947
9.60262
1.17064
3.51332
0.59051
6.16984
0.825703
9.40179
1.17854
4.96194
0.906132
10.6751
1.72264
10.9045
1.57192
6.31139
1.22649
7.87622
1.5769
6.2931
0.853738
8.61538
0.651478
7.43966
1.12436
2.76152
0.429632
9.80615
0.953532
4.10787
0.381615
3.44848
0.433734
3.90336
1.00646
9.35547
1.3293
8.56671
1.12984
6.80011
0.864418
13.6338
1.55931
14.419
1.2988
5.77385
0.744674
3.09369
0.412794
11.0734
1.58623
6.24205
0.598294
6.77817
0.688649
8.13533
1.44092
3.14062
0.348828
9.2137
1.69178
9.00627
1.26653
7.06463
1.14233
6.1249
0.828065
12.2008
1.03347
6.40055
0.840331
12.8097
0.977726
4.94715
1.23342
2.50349
0.258833
11.6764
1.48189
5.44254
1.23909
8.79852
1.36745
8.27047
0.801484
11.7329
0.944117
12.3024
1.43994
9.46889
1.5167
7.33172
1.48288
7.78674
0.904661
8.09679
1.51033
6.05304
1.55136
9.4859
1.627
9.78647
1.19309
5.6457
0.580215
11.6896
1.05791
5.10813
0.733624
6.63218
1.40123
9.75486
1.44136
1.83288
0.37147
6.25116
1.46677
11.5294
1.24784
11.0595
1.6187
8.303
1.16763
7.19564
1.51358
13.4215
1.48411
10.8476
1.30083
12.1045
1.28774
6.5934
1.17004
12.7524
1.62781
2.82509
0.369495
8.47456
1.471
3.00656
0.598628
9.54706
1.59792
11.8253
1.55766
7.98855
1.41775
5.90024
0.959375
10.1058
1.24726
12.7512
1.81194
6.57776
0.829593
6.16858
0.645744
11.5984
1.23672
2.1209
0.311407
5.25737
0.925018
9.72322
1.19772
5.18232
1.23532
7.09377
0.916391
7.55444
0.66478
10.8198
1.44358
10.2739
1.28271
8.91136
1.22257
11.339
1.22401
13.7634
1.72836
11.962
1.36036
7.40155
0.961394
2.4341
0.386136
7.33898
1.03218
7.28022
1.61188
6.42798
0.676867
9.97918
1.15889
5.71963
0.544124
7.91898
1.563
11.9749
0.995851
11.1524
1.33838
8.56731
1.12183
12.0318
1.00099
8.52094
1.22461
7.29361
1.00977
3.62669
0.285405
8.17458
1.20371
10.2277
0.778529
3.95602
0.343567
5.22929
0.621172
11.834
1.03867
9.80083
1.6928
6.31812
0.499562
11.5756
1.36995
14.6795
1.61205
9.36163
0.914839
10.0601
1.67817
9.33354
1.07226
11.5862
1.12209
12.6039
1.1434
8.44284
1.62644
9.63126
1.34183
9.48904
1.33811
8.73738
0.816534
12.5266
1.5448
3.44202
0.773511
9.80887
1.59264
4.52936
0.561662
7.34102
1.60974
3.68382
0.601441
12.5049
1.19737
12.1378
1.29282
0.983987
0.138998
3.85603
0.793135
3.41813
0.366722
3.05956
0.29936
9.9597
1.18153
6.75024
0.784023
10.5495
1.43111
12.3367
1.25363
8.9986
1.57335
7.13904
0.729387
7.59876
0.658964
9.24476
0.989888
7.46885
1.71726
15.8068
1.91271
12.8903
1.16937
4.66793
0.817852
6.91521
0.70641
9.67183
0.782089
9.94638
1.2015
12.3685
1.83666
7.6263
1.41307
2.50491
0.349602
6.06021
1.30087
8.36419
1.02506
6.1922
0.705013
8.07962
1.11134
6.60925
0.622892
5.76052
0.555572
3.24577
0.403531
7.13398
0.530943
2.04969
0.261876
2.17659
0.494084
4.10238
0.482334
9.2529
1.63344
14.0029
1.49414
6.54075
0.936772
5.57137
0.803825
11.6393
1.39875
11.0236
1.2395
7.18407
0.979185
6.26933
1.31121
6.41327
0.989972
8.00433
1.61315
7.0957
0.826965
2.46464
0.360694
4.81429
0.981835
3.1108
0.496618
7.69349
0.973176
9.02537
1.11954
13.3262
1.65841
8.03629
0.997208
5.54985
0.776596
9.54288
1.85102
11.8981
1.2657
7.68071
1.15564
1.70483
0.191746
8.07034
1.21112
12.6407
1.79526
12.4213
1.31732
11.2436
1.42315
11.1166
1.2261
13.2888
1.70345
7.44355
0.963327
8.80699
1.03886
4.17052
0.308727
5.8872
1.02641
11.6917
1.27525
12.9589
1.60024
9.88995
1.00374
8.22817
0.944572
9.72534
1.84645
11.827
1.75681
12.9826
1.26125
7.78367
1.48998
3.19966
0.552363
8.99957
1.62196
8.47865
0.735727
16.3063
1.6058
8.17997
0.931276
13.2543
1.42857
10.3936
1.82635
10.1968
0.830168
6.19923
1.1683
6.31789
0.644072
4.7858
0.605232
10.2516
1.43238
6.32806
0.783654
10.1628
0.931495
10.049
1.34949
3.70496
0.355098
6.37977
1.10483
13.1863
1.33516
7.04899
0.573501
11.6448
1.64597
6.58729
1.67204
10.9009
1.25136
12.0095
1.0111
6.49448
0.939768
8.49447
0.973293
12.9911
1.19516
11.1006
1.33951
7.52063
1.32474
9.82502
1.46105
11.6522
1.09972
7.59836
0.949046
9.02944
0.982411
4.22964
0.705187
1.11417
0.202103
14.2136
1.81661
13.4311
1.66193
10.3562
1.17058
5.41225
0.441745
14.03
1.81578
9.26664
0.942107
11.1242
1.0288
10.2251
1.05126
3.40002
0.348338
13.323
1.7104
11.4737
1.44337
6.78124
1.58524
8.74754
1.11026
5.35812
0.704908
9.65594
1.33871
14.2874
1.75431
13.3926
1.61475
2.59372
0.243445
6.74928
0.977248
8.642
1.31004
6.44172
0.825362
8.01896
1.49496
8.57979
1.16853
7.52179
1.49378
11.5207
1.62458
3.44908
0.286672
14.0493
1.71399
12.6387
1.21653
12.8249
1.40834
4.33677
0.578128
9.29335
1.40645
5.73202
1.34435
10.4376
1.55058
10.59
1.36214
10.2004
1.71909
11.7191
1.83981
3.92023
0.533389
10.3408
1.00416
8.85163
1.517
7.57224
1.4406
11.5719
1.42923
8.44888
0.928478
12.6043
1.54226
12.4228
1.47657
6.74559
0.989815
2.05102
0.324846
11.9754
1.73534
8.90983
0.739693
7.22684
1.22802
9.86495
1.01676
6.64896
1.11577
11.4319
1.31172
7.21924
1.18943
14.0797
1.25355
3.72941
0.332421
11.7508
1.77824
6.20142
0.955187
5.65753
0.526877
9.0304
0.910501
6.78278
1.17995
10.4643
1.00289
4.57344
0.717861
5.95566
0.74511
12.4316
1.19445
7.12279
1.03482
4.97561
1.02929
9.55329
1.99403
7.40075
0.701846
9.29961
1.05535
3.21678
0.527815
12.334
1.26414
10.4737
1.69782
6.59457
0.948787
5.40329
0.67938
6.91146
0.945972
6.78999
0.960096
9.62426
1.36543
6.8402
0.648319
9.58712
1.45197
4.33185
0.694931
10.3347
0.912972
5.88105
1.07375
7.86802
1.67416
6.48671
1.02868
5.05423
0.706617
12.3594
1.62852
9.09357
1.45854
9.88869
0.920151
13.8171
1.71394
6.98513
1.02602
11.137
1.13877
10.4362
0.833906
12.0977
1.99897
5.69373
1.19549
12.9613
1.2681
9.46769
1.50458
12.7989
1.49727
10.3866
0.841759
9.27978
1.44761
14.3855
1.8304
3.19364
0.245316
2.10284
0.197833
5.13053
0.52464
5.60545
0.675829
11.1963
1.16048
8.62467
1.01123
11.0236
1.15524
13.0538
1.77162
7.4344
0.976172
10.2276
1.00117
8.44792
1.0485
8.19316
0.749121
12.7767
1.58589
13.3848
1.85728
3.66257
0.310151
7.24732
0.624375
5.16348
0.856975
8.12907
1.4539
6.37609
0.916689
12.053
1.79107
7.84675
1.02395
10.8542
1.27102
5.66801
1.29198
5.12048
0.615875
10.8539
0.874588
10.6174
1.04698
9.48398
0.947054
8.67075
1.29942
5.43893
0.928745
8.86777
1.80565
11.4641
1.55085
13.1912
1.36297
5.6169
0.817164
2.88601
0.639806
9.00284
0.909509
7.68176
1.19416
10.9854
0.953535
10.4431
1.44589
9.98611
1.12031
10.113
1.24364
4.90687
0.558715
10.505
1.20598
10.5338
1.63787
12.8147
1.45246
4.7481
0.449585
13.1583
1.35097
2.76024
0.263792
5.29388
0.884023
4.69406
0.58816
11.5907
1.03025
6.84768
0.693511
7.00011
0.92495
9.4624
1.09523
7.72601
1.4218
12.3785
1.58562
2.92796
0.619133
3.08674
0.466839
9.65178
0.721995
5.70784
0.610735
10.1207
1.16526
4.50639
0.59866
6.52205
1.16304
9.86511
1.05341
8.72583
0.906745
8.57517
1.3413
7.01374
1.08436
2.30791
0.540922
12.8228
1.48052
7.43549
1.10458
4.61906
0.460195
7.23944
1.4459
1.0269
0.204809
13.384
1.59912
12.8101
1.32794
11.0277
1.26019
11.9511
1.52687
9.09362
0.872689
4.25818
0.613163
5.22917
1.11903
8.90502
1.32157
12.7021
1.00652
10.6542
1.46897
13.3264
1.54821
7.28336
1.23599
11.084
1.68504
4.33501
0.915257
3.13837
0.3814
8.2327
0.939428
8.60665
1.54198
9.86859
0.814777
8.51121
1.13171
9.90497
0.95877
6.96185
0.543606
9.97019
1.22301
1.23459
0.133104
6.97957
0.784686
12.7695
1.40507
11.0117
1.51605
12.9914
1.96359
7.35396
0.785372
11.8834
1.45433
3.05831
0.476154
6.01276
1.03451
11.7428
1.29027
2.48801
0.377357
12.0941
0.891693
8.90538
1.64742
8.09528
1.3776
5.83865
0.944415
8.85729
1.35495
10.6894
1.52368
3.05508
0.421587
3.65976
0.47157
8.61811
1.47819
7.61876
1.23282
8.61013
1.36232
9.1288
1.50657
4.70062
0.929046
6.57448
1.30717
7.42924
1.63227
10.2408
1.41045
7.072
1.16221
4.48938
0.905453
14.3554
1.38776
6.32776
0.918043
4.65382
0.693466
10.2333
1.12253
4.32857
0.864168
6.02068
1.42295
10.8521
1.10356
9.70322
1.59276
2.9176
0.607575
5.78452
0.670904
3.01668
0.492853
11.0709
1.08623
6.38391
0.61507
2.31296
0.462708
7.58572
0.962421
7.05226
0.580133
11.8772
1.03057
4.96056
0.871031
8.89736
0.919388
9.66657
1.37055
6.0777
0.564368
9.0689
1.78117
10.6352
1.60019
7.90113
0.850406
7.69415
1.15477
9.53091
1.28168
2.89478
0.3542
12.4332
1.64326
9.55579
0.904633
10.833
1.45734
1.65373
0.186475
4.77219
0.506451
11.8541
1.17116
2.2419
0.284162
4.37845
1.02511
10.5394
1.3208
5.8495
0.452297
12.0672
1.23768
9.70326
1.03412
4.2464
0.501014
9.99029
1.66928
3.96057
0.615718
4.82898
0.472139
6.65299
0.908077
2.81225
0.481628
6.97011
1.28014
5.52858
0.85401
10.6789
1.01785
11.6721
1.39534
12.2613
1.3935
2.78318
0.569036
8.22988
0.794581
11.0265
1.0161
12.4809
1.65099
13.439
1.62368
11.8679
1.13055
6.31299
1.09429
9.28583
1.67054
4.67
0.868808
8.56738
1.45869
7.82069
0.724873
11.691
1.89814
4.56569
1.03014
3.03279
0.439654
8.1612
1.17903
5.15017
0.999569
8.91796
1.51603
4.14097
0.762586
12.053
1.65074
6.0023
0.739601
3.71923
0.63036
5.25301
1.23344
2.16236
0.208691
8.11812
0.812175
4.77111
0.72709
5.88097
1.04173
7.1713
0.880165
9.58361
0.993119
9.81752
0.97572
3.67606
0.540559
6.98867
0.946137
9.51229
1.29681
4.6741
0.694033
5.59527
1.08503
10.4941
1.2026
1.99358
0.226168
12.0955
1.83704
6.30555
0.73851
7.98086
1.37659
6.63675
1.61604
6.72209
0.691974
9.69182
1.52304
6.09779
0.769503
5.36772
0.431397
13.0621
1.59673
4.22056
0.748445
13.6948
1.34047
6.753
0.539191
6.11189
0.482499
9.87695
1.47731
7.32418
0.938656
6.38963
1.01315
11.6141
1.24133
7.70834
0.67737
9.4875
1.37782
7.00384
0.611729
11.8291
1.21634
9.61465
1.40891
5.2158
0.895025
10.2787
1.33765
11.0808
1.01889
5.23781
0.799364
6.62124
0.768893
5.04621
0.773067
8.49824
1.62567
8.98787
1.08436
10.003
1.40457
10.1355
1.53132
11.645
1.06963
6.3643
0.74999
2.5043
0.325451
6.65461
1.04213
8.34396
1.52634
7.78868
1.22098
7.15737
1.14628
5.22702
0.713544
14.4807
1.45725
6.27127
0.938386
2.11189
0.377709
3.69426
0.339607
10.7512
1.04607
8.1464
1.04491
5.99102
1.40123
5.96005
1.01707
6.3067
0.747468
11.205
1.18428
9.4956
0.695933
11.7732
1.33339
8.23315
1.00566
5.35696
0.75123
5.0802
0.809804
6.27815
0.520808
13.049
1.30277
7.67947
0.755435
2.23924
0.389317
11.513
1.31636
9.49944
1.12904
5.56636
0.99482
7.29339
1.2215
8.31303
1.15565
5.64843
0.696107
13.2847
1.29864
