0.000719083
0.000917297
0.000816618
0.00122097
0.000839061
0.00170088
0.00087642
0.00104098
0.000858103
0.00109356
0.000729777
0.00128162
0.000789901
0.000762564
0.00110337
0.000892149
0.00107985
0.00102745
0.000732853
0.000767695
0.000767178
0.000818752
0.000971415
0.000887848
0.000778678
0.000789523
0.000979543
0.000882129
0.000977313
0.000835311
0.000827369
0.0018707
0.000898307
0.000783766
0.000780139
0.00105532
0.00078493
0.000915793
0.00100803
0.000850142
0.00084752
0.000787696
0.000796506
0.0020294
0.000862856
0.000912224
0.00106896
0.000748925
0.00136962
0.000820685
0.000876505
0.00109021
0.00237233
0.00116432
0.000756662
0.000738456
0.000819517
0.000747124
0.000766995
0.00102712
0.00081106
0.000721054
0.00132154
0.00113693
0.000930233
0.00087047
0.000762271
0.000882314
0.00165132
0.00140016
0.000906119
0.000824621
0.000883375
0.0026182
0.00087339
0.00124982
0.000840232
0.000923816
0.000908844
0.0017273
0.000934981
0.00141836
0.00135165
0.000925909
0.000825138
0.00134959
0.0011153
0.000795568
0.000768355
0.0010085
0.000898588
0.00089865
0.000853172
0.00147333
0.000743991
0.000947515
0.000973258
0.00124375
0.000786499
0.00101777
0.00074596
0.000827972
0.00220526
0.000750666
0.000717616
0.0013831
0.000908088
0.00082826
0.00086231
0.000867477
0.000793265
0.000730223
0.000800987
0.00089859
0.000916786
0.000814936
0.000806436
0.000925507
0.00106357
0.000811797
0.00130434
0.00094179
0.00107328
0.000838816
0.000834521
0.00170328
0.00157898
0.000816508
0.00124428
0.00104525
0.000870185
0.00076583
0.00114436
0.00089643
0.00131439
0.000855458
0.000858101
0.000758154
0.00109143
0.00104543
0.000848337
0.000745876
0.000759001
0.0010565
0.000838933
0.00081833
0.000848195
0.00130434
0.0015146
0.000899139
0.00077497
0.000861723
0.000848718
0.0011169
0.000808748
0.00104327
0.00121524
0.000825715
0.000777407
0.000843799
0.000821613
0.000780609
0.00127478
0.000774273
0.000895382
0.00254498
0.000822441
0.000787663
0.000763785
0.00080421
0.00112698
0.000738248
0.000772324
0.000797142
0.00085497
0.000862258
0.000763656
0.000803218
0.00116789
0.000815432
0.00082196
0.000915129
0.00113696
0.000878938
0.0010017
0.000735764
0.000767965
0.00126714
0.000882633
0.000777828
0.000765509
0.000754629
0.000867775
0.00102446
0.00102747
0.0009534
0.000823181
0.000804203
0.000773993
0.000837481
0.000840998
0.000858692
0.000822103
0.000921719
0.00087508
0.00128239
0.00140393
0.00127429
0.000865145
0.0012615
0.000941573
0.00101446
0.000782262
0.00075962
0.000727733
0.000743581
0.00175447
0.000730316
0.000832951
0.000904913
0.00103901
0.00105361
0.000791681
0.000753094
0.000821446
0.000812164
0.000780276
0.00163743
0.000810425
0.00167916
0.000777533
0.000733416
0.00159585
0.000831673
0.00106224
0.0013544
0.000799485
0.000972861
0.000979661
0.000999658
0.00170011
0.000784204
0.00148069
0.000746918
0.000762272
0.000882638
0.000790075
0.00100229
0.000946671
0.00157104
0.000885927
0.000805967
0.00153566
0.00100231
0.000815902
0.000839884
0.000904441
0.000960204
0.000980952
0.000818702
0.000785663
0.000774698
0.000792043
0.00106587
0.000752215
0.000726057
0.00142869
0.000733877
0.00185769
0.000905894
0.0010305
0.000794951
0.000966452
0.000863422
0.000814748
0.000750691
0.000906089
0.00102395
0.000833344
0.000836153
0.000775069
0.0107019
0.00112613
0.00093203
0.000890487
0.00101751
0.00200255
0.000865242
0.000746443
0.000939044
0.000828841
0.00183466
0.000969604
0.00111302
0.000759075
0.000847874
0.00110003
0.0014218
0.000760456
0.00153715
0.0009791
0.00097356
0.000768339
0.00170894
0.00077402
0.000749113
0.000869177
0.00103094
0.00116527
0.000852209
0.000813987
0.000961719
0.00129281
0.000946294
0.00107624
0.000777976
0.000768716
0.000997816
0.00081974
0.000809104
0.000745484
0.00105319
0.00141354
0.00133693
0.00100608
0.00165132
0.000974599
0.00134304
0.000879825
0.000770751
0.000825165
0.000814722
0.000729521
0.00101362
0.000927131
0.000808759
0.000770183
0.000735555
0.00102215
0.00131329
0.000755935
0.000985187
0.000839959
0.000771106
0.000890453
0.000851018
0.00117404
0.000842042
0.000788178
0.000928314
0.00102041
0.000827525
0.00180445
0.000818159
0.00148781
0.0010491
0.000885589
0.000731458
0.000790631
0.000891886
0.00108932
0.000708174
0.000814028
0.000784973
0.000827446
0.00127553
0.000757705
0.00116827
0.000757645
0.000915214
0.000795903
0.000816324
0.00126362
0.000965914
0.000779908
0.00121394
0.000831314
0.00111285
0.000804
0.000868608
0.0011283
0.00080629
0.000972242
0.000774831
0.000900992
0.00073847
0.000847781
0.00104438
0.000848659
0.00101063
0.000830027
0.000774273
0.00137135
0.000772018
0.000909355
0.00135284
0.000982428
0.000820202
0.000829733
0.000829264
0.00113318
0.000766794
0.000699959
0.000776169
0.00127258
0.00118673
0.00100367
0.00155743
0.00100972
0.00109079
0.000823659
0.00110333
0.000785201
0.00135716
0.000773392
0.000803833
0.00339897
0.000901593
0.000857574
0.00100471
0.000795991
0.00184058
0.00137573
0.00077452
0.000881279
0.00155798
0.000813742
0.000809255
0.000825321
0.000802844
0.000960249
0.000838529
0.000811936
0.00105391
0.000746975
0.000733218
0.000868398
0.00124375
0.000730029
0.00125476
0.000822253
0.000809178
0.000901533
0.000760727
0.000871929
0.00100466
0.000787164
0.000906825
0.000807773
0.000855943
0.000779366
0.000907583
0.00159519
0.00089159
0.000877677
0.000785478
0.000822444
0.00072368
0.000752725
0.00101832
0.000725373
0.00105818
0.000777837
0.00270159
0.00092629
0.000865624
0.00124198
0.000796632
0.00152125
0.000960577
0.000796059
0.000734147
0.000887442
0.000912649
0.000862224
0.00112358
0.00108907
0.00113606
0.00136845
0.000865749
0.000800586
0.000752505
0.0010584
0.000962909
0.000877751
0.00100223
0.0017344
0.00149346
0.00102202
0.000946543
0.000763574
0.00093848
0.000845135
0.000810933
0.00259706
0.00203017
0.000842277
0.00141836
0.000989856
0.00122155
0.00123305
0.000886953
0.00106418
0.00105559
0.000820937
0.000845219
0.00081313
0.000866436
0.0014471
0.00225083
0.00124201
0.000818728
0.00079637
0.000804957
0.00110915
0.000815012
0.000748113
0.00149704
0.00135605
0.000747519
0.000763948
0.00113876
0.000849633
0.00153524
0.00095378
0.00110664
0.00097393
0.000883037
0.000890432
0.000939577
0.00183331
0.00131711
0.00080964
0.000764694
0.000793271
0.000924153
0.00147269
0.000773107
0.000977969
0.00123931
0.000799866
0.00141366
0.000865227
0.00149702
0.000817238
0.00080939
0.000748663
0.000810968
0.00072297
0.000890935
0.00084188
0.000756241
0.000921409
0.000733681
0.000766147
0.000725171
0.000780293
0.000995991
0.000811605
0.000806049
0.00181048
0.00163715
0.000735767
0.000825389
0.000796303
0.000750305
0.00093631
0.000747286
0.000867197
0.00170225
0.00102174
0.000775155
0.00086849
0.000974756
0.000896234
0.000819619
0.000855924
0.00132147
0.00089606
0.000737053
0.000912247
0.00166891
0.000745217
0.00154312
0.00076231
0.000881299
0.00253501
0.00149429
0.000881631
0.000821972
0.000885351
0.000917348
0.000835293
0.000805095
0.000825735
0.00326079
0.00196821
0.00164829
0.000928918
0.000734523
0.00158221
0.000749221
0.00136889
0.000796334
0.00091441
0.00117574
0.00154072
0.000924064
0.000800435
0.00145782
0.000918968
0.000722987
0.000892949
0.000772398
0.000740765
0.00117552
0.00126012
0.00142905
0.00079528
0.000755501
0.000744789
0.000866529
0.00144141
0.00109393
0.000771982
0.000752757
0.000991962
0.000792042
0.00135495
0.00080875
0.000853431
0.000819396
0.000780892
0.000738788
0.000776277
0.000917398
0.00105493
0.000806426
0.000857574
0.000902652
0.000818904
0.00145782
0.000746442
0.00126855
0.00145393
0.000862508
0.00178723
0.00112443
0.000747501
0.00112847
0.000757257
0.00171026
0.000891945
0.000803902
0.000800561
0.000994306
0.000970646
0.000965089
0.000825449
0.000769557
0.000748916
0.000922072
0.000964815
0.00236208
0.00101095
0.000770079
0.000970165
0.00152275
0.000804678
0.00188531
0.000785121
0.000881302
0.00124769
0.000911019
0.000784283
0.0009047
0.00120932
0.000816645
0.00090181
0.00078637
0.00105017
0.00123076
0.00119367
0.000876459
0.000941476
0.000900986
0.00160361
0.000818039
0.000888721
0.000924182
0.000796293
0.000760783
0.000803411
0.000962274
0.000801779
0.000758555
0.00112261
0.000895867
0.000767999
0.00155246
0.000765746
0.000845225
0.00073447
0.000899319
0.000830027
0.00080457
0.000974767
0.000894866
0.000927813
0.000761523
0.000741275
0.000744173
0.000755001
0.000868458
0.000808767
0.000760618
0.00097408
0.000847726
0.00106604
0.000745851
0.000764192
0.000906707
0.000828464
0.00110094
0.000832373
0.000772558
0.00100337
0.00193108
0.000933058
0.000743213
0.00260805
0.000804186
0.000827235
0.00115473
0.000875874
0.00081128
0.000954252
0.00112439
0.00130991
0.000748039
0.000966766
0.000988686
0.00170497
0.00133076
0.00271854
0.000793912
0.000935228
0.000739601
0.000806581
0.0007566
0.000770614
0.00101986
0.000924701
0.00073156
0.000765343
0.000810285
0.000764918
0.00104082
0.00132648
0.000852337
0.000830221
0.00168341
0.000924306
0.00145889
0.000777384
0.000829073
0.000756217
0.000854145
0.00109922
0.000821888
0.000716249
0.000986797
0.00113238
0.000953918
0.0011459
0.000889542
0.00087313
0.000756271
0.000812789
0.000735082
0.00113137
0.000890298
0.00085543
0.00112553
0.00123124
0.000799272
0.000782444
0.000842984
0.000897863
0.000996183
0.000874566
0.00104274
0.00186577
0.000818506
0.000738802
0.000724503
0.000723754
0.000816486
0.000948824
0.000906825
0.000783386
0.00124551
0.000887
0.000716293
0.00104881
0.000778507
0.000719113
0.000796291
0.00104662
0.000750953
0.000850532
0.00077055
0.00172667
0.000718997
0.000711031
0.00243375
0.00104356
0.000871596
0.000729971
0.000898892
0.000895743
0.000796083
0.00113606
0.00100324
0.000754045
0.000937861
0.00100898
0.00101065
0.00105032
0.00132095
0.000774374
0.00113437
0.000999906
0.000768111
0.000822451
0.000808444
0.00157754
0.000737304
0.00125959
0.000866536
0.000727291
0.000918156
0.000729776
0.00131207
0.000835764
0.000761099
0.000873699
0.00137135
0.000794494
0.000742528
0.000888577
0.000993549
0.00144497
0.000767707
0.000826854
0.000933079
0.000951149
0.00076061
0.000718704
0.000840591
0.000867953
0.00078861
0.0013042
0.00082065
0.00121829
0.000890619
0.000885216
0.00112558
0.000737306
0.00154445
0.00151758
0.000847293
0.000758746
0.000755692
0.000736496
0.000939905
0.00113696
0.000801748
0.000779932
0.00124772
0.000770855
0.000856525
0.000822444
0.00081012
0.000854157
0.00123269
0.000777509
0.0012767
0.000855725
0.000848384
0.000801284
0.000742446
0.000760524
0.00111538
0.000881496
0.00107865
0.00087371
0.000869863
0.000822851
0.00104232
0.000831421
0.00100074
0.000742368
0.000896053
0.000767999
0.00102863
0.0013262
0.00140629
0.000822444
0.000822373
0.000903577
0.00150137
0.000968602
0.00124983
0.000756634
0.000809215
0.000759302
0.000852145
0.000775534
0.000802684
0.0010674
0.00109737
0.00101324
0.00103434
0.000823831
0.000730437
0.000779106
0.000955706
0.00157956
0.000803439
0.000927286
0.000887883
0.000759686
0.000940676
0.000818664
0.00188531
0.000787806
0.000786448
0.000828184
0.00143486
0.000861096
0.000796292
0.00104098
0.000989139
0.000930954
0.00084573
0.000804434
0.000893913
0.000788062
0.00082799
0.000784059
0.000743808
0.000940141
0.000810016
0.0012131
0.000802626
0.00101935
0.000828788
0.00108536
0.00102101
0.00111512
0.000882757
0.000868533
0.000764003
0.000992523
0.000872229
0.00101822
0.00101527
0.000716402
0.00102978
0.000721813
0.000849914
0.000776654
0.000928068
0.00124627
0.00124715
0.000801021
0.00117454
0.00113798
0.00186198
0.000889062
0.00084694
0.000810659
0.0017273
0.000833049
0.00122396
0.000803706
0.000913475
0.000909452
0.00146171
0.00196523
0.000776204
0.000791998
0.000937943
0.000859991
0.00102586
0.000832701
0.000805323
0.000812119
0.00102451
