9.93328
1.2595
7.39429
0.902479
8.46136
1.05717
4.66082
0.551762
8.11106
1.06467
8.71779
1.12076
7.0584
0.916678
9.629
1.24748
9.3958
1.2055
6.28223
0.779527
6.50068
0.786226
9.23349
1.2025
5.76978
0.726307
7.25451
0.87776
6.73175
0.856155
8.69254
1.08721
7.77377
1.00112
7.88498
1.03052
8.27642
1.01645
11.0125
1.4725
10.5172
1.36386
8.50894
1.04856
10.5774
1.40682
8.91298
1.15155
6.02389
0.716767
5.95634
0.718098
5.68619
0.690924
11.1398
1.45483
9.86835
1.31631
6.82191
0.839617
7.50484
0.96226
9.23606
1.19504
8.36393
1.12644
6.60603
0.860539
10.963
1.441
7.21003
0.896126
6.49586
0.815002
5.64006
0.703704
8.88617
1.1558
6.4258
0.85017
7.59104
0.926047
6.0606
0.794149
6.7349
0.870129
9.28916
1.18081
5.88858
0.704339
7.02215
0.925378
6.18775
0.759843
7.74314
0.994258
8.06516
1.04568
8.61961
1.12391
6.63704
0.874444
6.62193
0.820711
7.87204
1.02388
11.284
1.48069
10.4691
1.30259
11.6012
1.54121
7.90529
1.03268
7.84416
1.00668
8.40632
1.04945
9.12809
1.19014
7.27305
0.873899
5.61906
0.69623
6.54164
0.769033
6.2768
0.822702
6.19641
0.79501
7.70233
0.954918
9.65586
1.26615
10.4609
1.37402
4.46699
0.571359
10.3927
1.36035
8.27624
1.01048
8.23805
1.0345
9.31715
1.16573
7.56123
0.911994
8.13362
1.04856
8.72563
1.15583
6.75193
0.810371
9.67621
1.23435
9.56443
1.23084
8.88792
1.10555
8.47679
1.10704
8.76246
1.09434
7.59566
0.971898
6.93323
0.901122
6.80089
0.842629
8.40041
1.07977
6.66023
0.856598
7.4185
0.929446
8.08341
1.08019
6.16058
0.74876
9.67579
1.26341
5.77472
0.718332
8.43261
1.05948
10.8979
1.44356
7.04204
0.902681
8.7108
1.08054
8.38711
1.04724
8.92917
1.13495
6.51252
0.828502
7.05568
0.915396
7.27813
0.910002
6.56845
0.830648
6.17653
0.763531
7.05034
0.906264
10.807
1.40654
7.2029
0.864997
6.0486
0.763333
5.7735
0.722325
6.30482
0.754491
9.04503
1.12232
6.24296
0.765988
5.45195
0.673249
6.07586
0.77302
9.12772
1.15057
11.367
1.48189
7.92172
1.01422
8.60756
1.06378
9.65488
1.19364
7.03125
0.870469
9.75915
1.27878
7.21812
0.925788
7.53998
0.972225
7.09724
0.872502
8.14403
0.995669
8.22694
1.05407
8.35776
1.04286
7.11613
0.949041
9.10627
1.16771
6.51264
0.828406
6.56382
0.818007
7.87997
0.97035
6.98497
0.914238
8.27251
1.05709
6.6735
0.80867
7.70648
0.969258
9.47591
1.2061
5.9354
0.705466
7.13529
0.889468
6.39591
0.759484
8.3537
1.04112
7.7418
0.971467
7.14184
0.837465
7.87194
0.961738
6.74005
0.807547
10.3922
1.30379
8.65846
1.07939
9.24948
1.21786
7.25361
0.912479
5.84747
0.731474
7.95974
0.998243
7.60797
0.948691
8.55746
1.08132
7.47398
0.940068
6.48606
0.811001
9.02837
1.16944
9.56225
1.2062
9.46159
1.20002
8.12671
1.01783
9.09115
1.17676
5.33085
0.670474
8.78437
1.1452
8.61993
1.10055
6.74287
0.822942
10.19
1.30424
7.0701
0.866259
6.67545
0.796014
7.02261
0.851773
8.80255
1.18639
9.42122
1.23694
8.9472
1.16925
8.26776
1.04748
6.25564
0.762575
5.87109
0.724771
7.89327
1.02447
10.4535
1.40444
5.96603
0.731495
9.17083
1.16934
7.55156
0.925042
5.5134
0.651514
9.35636
1.25931
6.10008
0.754744
7.03415
0.923708
8.17181
1.0436
7.72066
0.967825
8.76179
1.12688
8.48143
1.08059
7.24023
0.894512
8.11132
1.05411
10.2451
1.36663
9.25514
1.20746
9.44491
1.19178
5.96623
0.764055
8.22074
1.04703
8.28248
1.05824
8.76888
1.09622
8.00196
0.98137
7.17838
0.877615
7.50683
0.947692
5.90791
0.703817
6.46304
0.860045
7.84225
1.01273
6.85869
0.851417
11.4288
1.49001
5.96969
0.73844
9.33614
1.22025
8.65414
1.14656
6.81024
0.813419
9.79953
1.29067
5.65135
0.672942
7.95121
0.97726
7.61055
1.00105
5.91069
0.702287
8.44434
1.07429
8.81927
1.14525
10.2029
1.3079
10.6245
1.35036
10.3406
1.31257
6.50287
0.816554
8.76462
1.08402
10.505
1.33766
7.35188
0.946769
6.49037
0.817811
9.67454
1.24912
10.5244
1.42272
10.0964
1.28741
6.89144
0.840424
6.66879
0.844153
7.13186
0.938942
8.89803
1.10999
8.67346
1.10661
11.4116
1.48904
7.51112
0.96544
10.9091
1.42074
7.5986
0.969352
6.50677
0.807517
9.07073
1.16708
6.44314
0.802787
6.39598
0.753471
8.49633
1.08492
6.66252
0.791068
8.06268
1.04364
9.673
1.24059
10.3707
1.35597
7.09073
0.876347
7.27059
0.912826
8.88146
1.18731
7.98761
1.00515
9.70649
1.27124
6.19464
0.742293
6.88461
0.825598
5.66871
0.73615
5.60122
0.677892
7.86142
1.04953
5.66783
0.68506
5.66247
0.685169
7.72602
0.987554
8.7497
1.06352
9.5358
1.24939
9.68678
1.25764
6.2513
0.800569
7.29413
0.942532
5.29363
0.66212
7.83787
1.01677
10.7143
1.39058
8.32126
1.08065
6.28509
0.768085
9.99081
1.2617
7.92233
1.00011
7.86517
0.972797
9.73126
1.24462
6.14845
0.760955
5.9836
0.763398
10.123
1.31233
9.30393
1.20605
6.50302
0.806793
10.7301
1.38813
9.15315
1.18509
8.11993
1.0487
8.75624
1.10416
7.46626
0.943303
6.29847
0.79659
7.64961
0.976715
8.59624
1.09577
7.10197
0.899362
6.10477
0.77747
7.60654
0.931019
8.31289
1.10873
7.6227
0.930926
8.07496
1.01729
9.62943
1.27556
9.69573
1.24669
6.92514
0.90795
8.40456
1.09517
9.20178
1.20034
8.20343
1.03037
7.96877
0.986582
8.15395
1.03725
6.2181
0.791999
8.05172
1.0201
7.5189
0.902033
8.59425
1.13981
8.45713
1.03944
6.11993
0.737357
5.7768
0.709725
5.4918
0.686692
8.23385
1.06543
7.01139
0.874781
9.26579
1.24898
9.88381
1.25314
10.2557
1.3945
9.10813
1.17829
8.43447
1.10443
8.88955
1.14294
8.11688
1.00435
10.6093
1.37729
7.5786
0.975184
6.69199
0.869118
6.65008
0.851666
8.57778
1.10061
6.08546
0.776438
7.98476
0.977706
10.0268
1.26319
7.63951
0.949423
9.15103
1.13872
9.87549
1.24643
9.32256
1.20591
12.751
1.66367
11.135
1.43116
9.01616
1.1268
6.92892
0.872078
8.89398
1.11539
9.03878
1.1541
7.86446
0.963361
7.60315
0.928167
9.45342
1.24447
7.64396
0.981773
5.04639
0.611924
7.06662
0.862124
7.8995
0.976643
7.29053
0.901982
8.21833
1.06884
7.85057
0.99177
7.14544
0.90099
6.84016
0.860549
6.644
0.823396
9.29093
1.17231
6.95797
0.854502
11.0656
1.44249
8.17836
1.03281
9.91105
1.30478
5.75805
0.691033
7.31681
0.894709
9.2891
1.16775
11.362
1.52467
9.23904
1.17165
5.92993
0.755467
7.92168
1.01706
9.26721
1.18014
5.38435
0.673954
9.50284
1.22706
8.41856
1.07812
7.55761
0.943352
9.66088
1.21386
7.60661
0.983161
7.5538
0.951978
8.68786
1.08505
5.64795
0.69326
6.80249
0.873143
9.8664
1.26118
9.62074
1.21061
8.65825
1.13721
8.37869
1.04071
6.33005
0.805417
7.33642
0.914271
8.46185
1.09307
9.37874
1.2317
7.43233
0.958483
6.35125
0.813684
6.40772
0.783754
8.06087
1.02321
5.81448
0.723552
8.88126
1.1421
7.34856
0.923458
10.0313
1.29891
8.56088
1.13679
9.41948
1.22906
9.47176
1.1982
8.45892
1.06422
6.44208
0.792067
9.78868
1.24441
7.96139
0.986602
9.15706
1.2062
6.04151
0.756228
7.79611
0.946047
6.89434
0.891106
5.51012
0.662728
6.3645
0.78978
6.76266
0.868069
6.84933
0.8282
9.70257
1.31797
11.1151
1.45564
7.85823
1.00329
7.09333
0.934422
11.2648
1.47773
9.77544
1.22694
6.71898
0.792577
9.86032
1.26467
6.71507
0.819721
8.13861
1.08297
8.84573
1.1114
5.26958
0.64694
8.39702
1.03208
6.14478
0.736531
6.8394
0.876276
8.00887
1.05152
7.59572
0.970347
7.61193
0.998699
10.6589
1.3618
9.80289
1.21992
8.31799
1.03917
10.5161
1.35832
7.18373
0.90457
6.35699
0.781227
6.66244
0.778227
9.59085
1.26894
7.8883
0.97504
6.75076
0.869457
6.24639
0.763828
10.6065
1.39885
8.89357
1.16985
8.17647
1.02536
7.93245
0.960554
10.2317
1.30867
9.89638
1.23859
11.8358
1.55615
8.83803
1.08658
9.72226
1.2482
10.3517
1.34572
7.38836
0.907922
8.70375
1.09938
6.63504
0.816698
6.00525
0.777028
8.18616
1.04776
10.3853
1.3696
9.50032
1.21653
6.36237
0.807326
6.85302
0.870771
5.78917
0.69949
11.8049
1.56365
8.48671
1.08544
7.12611
0.855072
7.59375
0.978134
8.04903
1.05516
7.37286
0.895983
5.51993
0.716653
8.19215
1.00642
6.54112
0.778474
8.82502
1.15358
8.28231
1.06897
7.07734
0.860259
9.19166
1.17217
9.53246
1.21882
6.7304
0.82536
6.91921
0.878418
7.0586
0.877564
10.7546
1.41499
11.1807
1.46038
7.75964
0.963357
5.71545
0.701237
9.01626
1.18856
10.7702
1.39095
6.24803
0.806819
5.50882
0.680345
9.73732
1.26148
8.09062
1.07223
7.99752
1.02721
6.82959
0.87258
8.46306
1.07645
8.17978
1.03652
9.52722
1.24203
6.59647
0.785151
6.73345
0.862911
9.98952
1.28046
7.04229
0.883618
10.0073
1.2542
8.85758
1.18516
13.9194
1.86446
9.0896
1.13259
10.5427
1.38011
7.14001
0.873817
11.8223
1.56451
7.57729
0.913031
10.0075
1.2865
12.2046
1.5841
8.31047
1.02326
8.18316
0.99804
8.64513
1.11977
8.93338
1.15582
11.443
1.53034
7.2265
0.946887
7.3335
0.930458
10.2068
1.36995
7.6892
0.946612
5.46569
0.659351
5.93477
0.741262
8.00902
1.02772
6.95181
0.87532
7.82025
0.982445
9.48999
1.22292
8.06534
0.986947
6.13692
0.799437
9.90006
1.29322
5.90986
0.736799
7.09012
0.922328
6.02788
0.790726
8.93546
1.13498
10.1443
1.33572
5.26441
0.649028
5.26733
0.646008
5.83249
0.712605
8.26191
1.094
5.70881
0.702055
7.96713
1.00536
8.71513
1.09063
10.6716
1.36937
6.93106
0.897276
8.36228
1.06901
7.25409
0.882744
6.79985
0.861684
7.79638
1.02209
7.96758
1.00763
7.69959
0.935599
11.2208
1.5011
7.24791
0.870945
8.2918
1.03372
5.07263
0.611731
7.10021
0.905569
9.96239
1.31577
8.05138
1.06801
7.54641
0.965233
6.11578
0.801435
8.65566
1.09023
6.00581
0.753429
5.98064
0.760221
5.77422
0.738726
11.2859
1.49626
6.17137
0.777646
8.94366
1.15785
8.89182
1.19042
9.58125
1.20736
8.00709
1.04714
8.66226
1.12791
9.56731
1.23506
8.79136
1.14691
7.64371
0.950406
7.81796
1.01965
7.76334
0.958754
7.78485
0.991276
8.87203
1.08143
7.1508
0.900789
8.4707
1.06392
7.14639
0.940213
6.96038
0.894685
8.01105
1.05089
5.79751
0.730329
8.67574
1.11012
9.63493
1.20327
9.26419
1.21002
8.08277
0.982437
10.2137
1.34851
6.55073
0.819151
9.66985
1.24304
7.00835
0.870327
6.47036
0.806437
9.53807
1.2028
9.47263
1.21805
9.18951
1.20752
8.95289
1.1142
10.3041
1.32372
10.5296
1.37769
7.16574
0.849956
8.95591
1.09692
7.1029
0.854174
8.95159
1.15106
7.38949
0.913293
9.1267
1.15269
7.91642
1.02815
6.83113
0.900505
6.10661
0.756289
6.31808
0.768951
7.64061
0.941137
7.64494
0.982757
6.29839
0.81583
9.91336
1.29035
5.69998
0.74222
7.57357
0.914528
8.57247
1.12961
6.45376
0.811578
7.69402
0.952782
5.58421
0.671288
8.57321
1.04467
11.678
1.50121
6.16481
0.745482
8.41196
1.07022
7.05204
0.934008
7.87529
0.962732
5.87414
0.714741
10.7343
1.36578
7.39301
0.941024
6.32791
0.770399
7.03277
0.842723
7.48173
0.955659
7.36911
0.905774
9.97346
1.28034
8.75802
1.17882
8.73936
1.13064
7.46379
0.930999
6.96855
0.84663
6.04292
0.733799
9.0306
1.15246
8.3188
1.0844
11.954
1.5577
6.94043
0.843331
6.77306
0.836303
7.84528
0.943847
6.53993
0.809796
6.43004
0.779837
8.93197
1.13332
8.80331
1.17517
7.0373
0.854347
6.65338
0.89285
10.1986
1.31263
6.32487
0.820138
7.16826
0.888988
9.75665
1.26397
6.08982
0.770034
7.18441
0.927694
8.37222
1.07333
8.56069
1.12706
6.99084
0.911242
6.7041
0.862974
5.87634
0.745621
7.58269
0.93019
9.44493
1.24426
7.47991
0.940695
6.64646
0.86937
8.16834
1.02678
8.1959
1.0442
7.64535
0.968926
9.12142
1.1792
6.0922
0.779443
8.01167
1.03756
9.66686
1.26249
8.2043
1.01458
9.92352
1.25452
5.78077
0.75371
6.61595
0.856613
8.52707
1.05093
10.1941
1.31919
8.52841
1.10039
8.49653
1.07455
7.10846
0.850845
8.09624
1.00462
5.91595
0.747526
6.80319
0.857788
6.64621
0.841289
7.83293
1.01112
5.75016
0.6905
8.57372
1.09696
8.05625
1.02972
9.56525
1.25147
8.25191
1.01715
8.34133
1.06474
6.84818
0.859976
9.15674
1.18135
8.02568
1.01344
7.52594
0.971076
7.93727
0.974255
7.61284
0.926999
7.90016
1.0028
10.573
1.33023
9.2906
1.22473
7.78382
1.01423
6.76045
0.80828
10.7625
1.42022
7.60868
0.971645
9.44368
1.19556
5.00173
0.603563
9.47884
1.21836
11.3933
1.49418
9.30571
1.16215
6.43451
0.799314
9.02533
1.17778
7.99744
1.00212
9.5337
1.24156
6.98764
0.909751
11.4788
1.47457
7.35027
0.898827
6.87522
0.898213
9.7982
1.29188
6.91757
0.816667
11.1849
1.48147
8.05262
1.00705
5.89743
0.769211
7.65432
1.01576
8.07382
1.01233
6.12691
0.775188
6.12462
0.784566
6.67936
0.879332
8.31834
1.07442
8.80874
1.14364
7.75912
0.960526
8.36634
1.08683
8.3467
1.07934
8.95002
1.18928
10.553
1.35607
5.84574
0.730405
6.81912
0.8544
6.85048
0.848965
7.05327
0.923591
9.22659
1.20248
9.54581
1.22301
9.01079
1.19931
10.7195
1.38544
9.10561
1.15711
5.59761
0.702467
9.52421
1.23603
8.22243
1.03806
5.36628
0.656256
8.21084
1.02833
5.53519
0.652557
8.20835
1.05601
6.36308
0.817083
8.20044
1.0278
8.97733
1.10172
9.22234
1.17359
7.89423
0.973794
8.08823
1.06733
10.5656
1.41672
9.04561
1.17028
6.92021
0.878839
9.71955
1.2524
6.75111
0.885677
9.21645
1.1885
7.60793
0.902718
7.999
1.04974
6.88046
0.910497
7.5788
0.951784
7.53265
0.951048
9.33416
1.22036
7.40894
0.947638
8.58223
1.06451
10.2055
1.37114
6.21104
0.748826
9.25988
1.21721
9.03043
1.17205
8.28135
1.03535
7.96058
1.0295
8.2333
1.01859
5.24045
0.637977
6.35901
0.81555
8.79421
1.10374
8.87174
1.13046
8.25863
1.02377
9.17597
1.15638
11.2325
1.46228
6.3689
0.802616
6.9398
0.882387
4.81615
0.578284
9.64815
1.28118
7.17598
0.87349
10.4697
1.3818
7.61588
0.931431
8.87332
1.10303
7.76702
1.02575
8.23574
1.10998
6.5713
0.854167
9.66403
1.24281
7.55715
0.97756
7.49941
0.943954
8.37919
1.05717
7.18074
0.893395
11.1476
1.47826
10.004
1.30441
7.8732
1.01204
10.284
1.34545
8.79469
1.11495
6.77172
0.87699
7.95453
0.995145
11.95
1.57861
6.86959
0.82536
8.61595
1.06257
7.2642
0.944475
11.1539
1.41983
6.65825
0.841732
8.3788
1.07544
5.45425
0.680145
12.3172
1.57274
6.26244
0.744482
7.75012
1.02834
9.48437
1.26983
8.27995
1.03744
8.34585
1.06027
6.981
0.912904
8.29626
1.03741
8.74517
1.15471
6.11893
0.751925
9.52741
1.27433
6.4227
0.79598
9.87349
1.28046
10.1397
1.35139
6.90507
0.91043
7.93251
1.00076
8.99331
1.13816
6.31733
0.748847
5.92098
0.722617
8.76155
1.08816
7.02875
0.894476
6.04806
0.740668
7.10235
0.861956
7.63763
0.961185
8.49651
1.07069
5.50689
0.655208
10.197
1.3002
7.2051
0.846585
8.55353
1.0847
7.43252
0.952326
9.32351
1.20597
6.96225
0.856458
12.6065
1.64788
8.42115
1.08582
7.68658
0.956473
10.0745
1.29873
7.55818
0.966731
8.01868
0.991877
6.96949
0.862511
9.05033
1.1978
7.4407
0.88197
6.84817
0.885955
7.95483
0.998724
5.9952
0.708903
8.34646
1.05416
9.11235
1.21327
8.41416
1.09297
6.23741
0.785164
7.27958
0.95304
7.68083
0.971062
8.62645
1.04725
7.31848
0.898977
8.84193
1.12187
9.45892
1.22328
8.65869
1.15251
9.2188
1.20455
8.70392
1.07436
10.0299
1.25253
8.27069
1.02027
6.65755
0.835287
7.23721
0.879624
10.455
1.37158
7.8748
1.00476
11.7031
1.57088
6.69932
0.900049
9.67515
1.27062
7.53458
0.970999
5.19269
0.631995
7.37194
0.878847
7.55747
0.997547
10.2651
1.35513
8.85685
1.09096
6.28641
0.763897
9.77432
1.26267
7.51313
0.985768
6.56263
0.788723
6.0576
0.719911
9.1298
1.16234
9.44887
1.17939
5.17854
0.650913
6.57422
0.850651
5.98892
0.727588
9.8092
1.24941
7.14163
0.94381
8.56814
1.10041
6.49734
0.806939
6.42483
0.793733
6.85845
0.846968
9.41522
1.17726
5.28952
0.636411
10.896
1.49009
6.4117
0.803091
8.6856
1.11654
8.45095
1.08279
8.17038
1.03367
9.22008
1.17918
7.0752
0.933282
7.52454
0.95739
8.02609
0.957317
6.57551
0.810791
5.1806
0.646088
8.19981
1.00538
8.90629
1.15347
7.28124
0.956558
7.17271
0.876554
6.64928
0.837429
6.00074
0.74392
5.69206
0.725982
8.39611
1.07489
5.86532
0.706865
8.27738
1.08804
7.39817
0.932582
5.6012
0.709641
5.18504
0.674285
9.32801
1.18892
9.48365
1.1665
9.5494
1.25828
10.3243
1.40297
8.41989
1.03474
7.32207
0.907767
8.35036
1.0738
7.52911
0.967032
9.38578
1.24125
5.57365
0.656309
7.20708
0.903339
5.8773
0.712153
7.00751
0.932251
10.0406
1.28092
9.98643
1.31726
7.205
0.899681
8.31557
1.04493
6.49685
0.841695
8.95471
1.1351
6.49614
0.818098
8.31938
1.06987
6.16395
0.749054
9.69585
1.25695
6.09596
0.745544
6.61611
0.820105
10.3255
1.349
8.28739
1.00338
10.1496
1.32897
13.2338
1.76242
7.27842
0.936167
6.34348
0.81583
7.80428
0.947263
10.1177
1.31609
5.89412
0.761243
5.03197
0.620064
8.70424
1.12472
9.41851
1.19076
9.50527
1.21827
7.30228
0.923557
7.35136
0.871471
5.98701
0.743581
6.9263
0.837436
7.01319
0.916181
6.82857
0.843963
7.71687
0.946797
8.97995
1.10626
6.8505
0.862183
8.46003
1.10925
10.2246
1.29954
7.40728
0.941402
7.80016
0.924878
5.32226
0.669688
5.26385
0.630461
8.75753
1.14835
9.82328
1.30157
8.4786
1.12215
10.3107
1.30606
7.91
1.00737
9.60647
1.18479
6.62964
0.856713
5.05051
0.612784
8.02086
0.960979
7.89678
0.95628
9.01099
1.16817
6.49613
0.821196
8.61269
1.04961
6.93655
0.901751
6.5921
0.800872
7.59059
0.93598
8.54042
1.08662
9.3866
1.23668
7.90095
1.00433
6.30749
0.761954
8.14188
1.0639
8.48202
1.09861
6.08043
0.737258
10.0205
1.30441
6.55582
0.850924
7.5022
0.938873
8.95441
1.09082
5.62834
0.670696
6.83101
0.824764
10.3878
1.2853
5.67443
0.693206
4.69435
0.567961
9.30848
1.17962
10.2342
1.36112
7.13884
0.892153
8.26646
1.04176
