0.000623873
0.000623873
0.000623873
0.000688574
0.000623873
0.000623873
0.00111229
0.000623873
0.000691555
0.000649086
0.000623873
0.000623873
0.000623873
0.000623873
0.000623873
0.000623873
0.000623873
0.000623873
0.011925
0.000623873
0.00300232
0.000623873
0.000623873
0.000623873
0.000642194
0.000623873
0.000623873
0.000623873
0.000623873
0.000693258
0.000623873
0.000623873
0.000951126
0.000623873
0.000827383
0.000661268
0.00064524
0.000659701
0.000623873
0.000623873
0.00461356
0.000623873
0.000623873
0.000623873
0.000623873
0.000623873
0.00411062
0.000623873
0.000623873
0.000623873
0.000623873
0.000623873
0.000623873
0.000623873
0.000852612
0.000623873
0.000623873
0.000623873
0.000623873
0.000623873
0.000623873
0.000623873
0.000623873
0.000795144
0.000623873
0.000623873
0.000623873
0.000632289
0.000623873
0.000623873
0.000692237
0.000623873
0.000623873
0.000847003
0.000623873
0.000623873
0.000632289
0.00159351
0.00932718
0.000623873
0.000626269
0.000671876
0.00252182
0.000869562
0.00578756
0.00075882
0.000623873
0.000623873
0.000623873
0.000623873
0.000623873
0.000663313
0.000623873
0.00209471
0.000623873
0.000623873
0.000623873
0.000623873
0.000623873
0.000623873
0.0011217
0.000623873
0.000623873
0.000623873
0.000889803
0.000623873
0.000623873
0.000623873
0.000623873
0.000970275
0.000623873
0.00181036
0.000643823
0.000623873
0.000623873
0.000623873
0.000623873
0.000862985
0.000623873
0.000623873
0.000623873
0.000623873
0.000623873
0.00340025
0.0107978
0.000623873
0.000623873
0.000623873
0.000623873
0.0022646
0.000623873
0.000623873
0.00337165
0.000623873
0.000827383
0.000632289
0.000623873
0.00094745
0.000623873
0.000646087
0.000623873
0.000623873
0.000623873
0.000630324
0.000623873
0.000692532
0.000623873
0.000623873
0.000623873
0.000623873
0.00137322
0.000623873
0.000623873
0.000623873
0.000623873
0.000623873
0.000623873
0.000623873
0.000623873
0.000623873
0.000674931
0.000623873
0.000896886
0.000623873
0.000623873
0.000623873
0.000623873
0.000623873
0.000652277
0.000623873
0.000794186
0.00121359
0.000623873
0.000649086
0.000623873
0.000623873
0.000623873
0.000623873
0.000623873
0.000623873
0.000623873
0.000623873
0.000623873
0.00152215
0.000623873
0.000684705
0.000645004
0.000623873
0.000623873
0.000623873
0.000639849
0.000623873
0.000623873
0.000623873
0.000623873
0.000623873
0.000623873
0.00262816
0.000635518
0.00124703
0.00421051
0.000623873
0.000801016
0.00118053
0.000931661
0.0403284
0.000623873
0.000623873
0.000623873
0.000729391
0.000964285
0.000623873
0.000623873
0.00239879
0.000623873
0.000623873
0.000623873
0.000623873
0.000623873
0.000623873
0.00107526
0.000633899
0.000623873
0.00087333
0.00125078
0.000623873
0.000623873
0.000623873
0.000623873
0.000623873
0.000623873
0.000623873
0.000623873
0.00074054
0.000623873
0.000623873
0.000763028
0.000646087
0.000667782
0.000623873
0.000623873
0.000623873
0.000632289
0.000623873
0.000623873
0.000623873
0.000623873
0.000623873
0.000623873
0.000623873
0.000623873
0.000623873
0.000623873
0.000623873
0.000623873
0.000623873
0.000824119
0.000623873
0.000623873
0.000623873
0.000684701
0.00144377
0.000632289
0.000755954
0.000623873
0.000623873
0.000623873
0.000759909
0.000715128
0.000649086
0.000632289
0.000623873
0.000623873
0.000623873
0.000646087
0.000623873
0.000854845
0.00183234
0.000623873
0.000623873
0.000623873
0.000623873
0.000632289
0.000623873
0.00112325
0.000623873
0.000701147
0.000623873
0.000623873
0.000623873
0.000623873
0.00269647
0.000623873
0.000623873
0.000623873
0.000814738
0.0011577
0.000623873
0.000623873
0.000623873
0.000623873
0.000623873
0.000623873
0.000623873
0.000623873
0.000639849
0.00119086
0.000623873
0.000709836
0.000646087
0.000623873
0.000623873
0.000623873
0.000632289
0.000623873
0.000623873
0.000623873
0.000623873
0.000623873
0.000623873
0.000623873
0.000623873
0.000623873
0.000686704
0.000623873
0.000623873
0.000623873
0.000623873
0.000623873
0.000623873
0.000623873
0.000623873
0.000623873
0.000623873
0.000623873
0.000682717
0.000623873
0.000623873
0.000623873
0.000623873
0.000623873
0.000623873
0.000623873
0.000623873
0.000810169
0.00103207
0.000692532
0.000623873
0.00112508
0.00165577
0.000623873
0.000623873
0.000623873
0.000623873
0.000623873
0.000623873
0.00119108
0.000623873
0.000623873
0.000623873
0.000623873
0.000647535
0.000623873
0.000623873
0.000628209
0.000623873
0.000623873
0.00268639
0.00127457
0.000623873
0.000623873
0.000623873
0.000630324
0.000623873
0.000623873
0.000623873
0.000623873
0.00813008
0.000623873
0.000623873
0.000623873
0.000716375
0.000623873
0.000623873
0.000623873
0.000623873
0.000623873
0.000623873
0.000623873
0.000623873
0.00123385
0.000720179
0.000623873
0.000729391
0.000623873
0.000623873
0.000623873
0.000623873
0.000623873
0.000623873
0.000623873
0.000623873
0.000623873
0.000623873
0.000623873
0.00118206
0.00234703
0.000623873
0.000623873
0.000745563
0.000623873
0.000623873
0.000626269
0.000623873
0.00104783
0.000623873
0.000623873
0.000623873
0.000651572
0.000623873
0.000755954
0.000623873
0.000623873
0.000642678
0.000623873
0.000623873
0.000623873
0.000626269
0.000659201
0.000663313
0.000643823
0.000623873
0.000656529
0.00069441
0.000831439
0.000623873
0.000623873
0.000626269
0.000623873
0.000623873
0.000626269
0.000623873
0.000632289
0.000623873
0.000807166
0.000623873
0.000659701
0.00102285
0.000623873
0.00064524
0.000623873
0.000837002
0.000623873
0.000636979
0.000623873
0.000765102
0.000699758
0.000623873
0.000623873
0.000623873
0.00197771
0.000623873
0.000623873
0.000623873
0.000623873
0.000623873
0.000623873
0.000623873
0.000623873
0.000623873
0.000626269
0.000623873
0.000623873
0.000623873
0.00133804
0.000633899
0.000623873
0.000623873
0.000623873
0.00079199
0.000623873
0.000623873
0.000623873
0.000704984
0.000633899
0.000623873
0.000623873
0.000636961
0.000623873
0.000623873
0.000623873
0.000623873
0.000623873
0.000623873
0.000623873
0.000628209
0.00105281
0.000623873
0.000623873
0.00325369
0.000623873
0.00098245
0.000623873
0.000623873
0.000710785
0.000828256
0.000623873
0.000623873
0.000623873
0.000699799
0.000623873
0.000754662
0.000623873
0.000786995
0.000623873
0.000687453
0.00064524
0.000996245
0.000623873
0.000623873
0.000623873
0.000623873
0.000623873
0.000623873
0.000662395
0.000722857
0.000623873
0.000623873
0.000623873
0.00120221
0.0186488
0.00078767
0.000623873
0.000623873
0.000623873
0.000623873
0.00242061
0.000623873
0.000623873
0.000623873
0.000623873
0.000623873
0.000623873
0.000623873
0.000623873
0.000623873
0.000623873
0.000623873
0.000623873
0.000623873
0.000851456
0.00157614
0.000623873
0.000623873
0.000623873
0.000623873
0.000623873
0.000623873
0.000623873
0.000794186
0.000623873
0.000623873
0.000623873
0.000623873
0.000623873
0.000623873
0.000974473
0.000623873
0.000623873
0.00275019
0.000632289
0.000623873
0.000623873
0.000623873
0.00181036
0.000677663
0.000623873
0.000623873
0.0011155
0.000623873
0.000623873
0.000623873
0.000623873
0.000626269
0.000815199
0.000623873
0.000623873
0.0026144
0.00145524
0.000819968
0.000645004
0.000623873
0.000818746
0.000623873
0.123287
0.000623873
0.000921867
0.00223815
0.000623873
0.000623873
0.000623873
0.000623873
0.000623873
0.000623873
0.000623873
0.000623873
0.000623873
0.000623873
0.000901733
0.000623873
0.000874435
0.000960003
0.000623873
0.000635518
0.000623873
0.000623873
0.000819968
0.000623873
0.000623873
0.000632289
0.000623873
0.000623873
0.000623873
0.000623873
0.000639153
0.00207521
0.00103783
0.000623873
0.000623873
0.00204575
0.000623873
0.000623873
0.000623873
0.000623873
0.00115604
0.000626269
0.000743583
0.000623873
0.000623873
0.000623873
0.00198003
0.0010065
0.000623873
0.000623873
0.000623873
0.000623873
0.000646087
0.000623873
0.000646087
0.000824119
0.000623873
0.00162568
0.000716813
0.000759787
0.000623873
0.000623873
0.000623873
0.00069441
0.000623873
0.00121173
0.00250223
0.000623873
0.000623873
0.000663313
0.000626269
0.000623873
0.000623873
0.000711932
0.000677663
0.000623873
0.000623873
0.00130991
0.000623873
0.000623873
0.000623873
0.000623873
0.000623873
0.000623873
0.00166546
0.000623873
0.0016523
0.000623873
0.000623873
0.000623873
0.000623873
0.000623873
0.000623873
0.000623873
0.000678612
0.000623873
0.000623873
0.011925
0.000623873
0.000623873
0.000623873
0.000662395
0.00108549
0.000623873
0.000623873
0.000623873
0.000623873
0.000623873
0.000623873
0.000630324
0.000623873
0.000623873
0.000623873
0.000962612
0.000623873
0.000623873
0.000838063
0.000632289
0.000623873
0.00136344
0.000623873
0.000623873
0.000623873
0.0130552
0.000623873
0.000814738
0.000650171
0.000754058
0.000623873
0.000630324
0.00244727
0.000623873
0.000623873
0.000623873
0.000623873
0.000623873
0.000623873
0.000623873
0.00159022
0.000623873
0.000623873
0.000623873
0.000623873
0.000763296
0.00286356
0.000623873
0.000623873
0.000623873
0.000630324
0.000623873
0.00176774
0.000623873
0.000623873
0.000623873
0.000623873
0.000623873
0.000623873
0.000623873
0.000623873
0.000623873
0.00190695
0.00069441
0.000902929
0.000623873
0.000623873
0.000623873
0.000623873
0.000623873
0.000628345
0.000623873
0.000623873
0.000623873
0.000623873
0.000854845
0.000757878
0.000623873
0.000887162
0.000623873
0.000623873
0.000623873
0.000623873
0.000623873
0.000623873
0.000623873
0.000623873
0.000743583
0.000623873
0.000623873
0.000623873
0.000623873
0.000623873
0.000623873
0.000623873
0.000623873
0.000623873
0.000623873
0.000623873
0.000623873
0.000759787
0.000623873
0.000623873
0.000628345
0.000768314
0.00100214
0.000755954
0.000623873
0.000667782
0.000623873
0.000623873
0.000623873
0.000623873
0.000731203
0.000633901
0.000957589
0.000623873
0.00100799
0.000623873
0.000623873
0.000623873
0.00068376
0.000623873
0.000623873
0.000623873
0.000623873
0.000623873
0.000722363
0.000623873
0.000749234
0.000663313
0.00877249
0.000623873
0.000632289
0.000623873
0.000623873
0.000626269
0.000623873
0.000644057
0.000877847
0.000623873
0.000623873
0.000623873
0.000665399
0.000623873
0.000623873
0.000641395
0.000623873
0.000623873
0.000651224
0.000623873
0.000623873
0.000847003
0.000623873
0.000623873
0.000623873
0.00216362
0.000623873
0.000623873
0.000623873
0.000623873
0.000623873
0.000623873
0.00075657
0.000623873
0.000623873
0.000623873
0.000623873
0.000623873
0.000623873
0.000623873
0.000623873
0.000632289
0.000623873
0.000623873
0.000623873
0.000623873
0.00167812
0.000770099
0.000623873
0.000623873
0.000623873
0.000623873
0.000867574
0.000623873
0.000632289
0.000623873
0.000623873
0.000632289
0.000623873
0.000623873
0.000623873
0.000623873
0.000641175
0.000623873
0.000623873
0.000949133
0.000623873
0.000623873
0.000623873
0.000623873
0.000623873
0.000623873
0.000623873
0.000623873
0.000656026
0.000623873
0.000623873
0.000623873
0.000887616
0.00103233
0.000632289
0.000623873
0.000954517
0.000623873
0.000632289
0.000623873
0.00430896
0.000623873
0.000623873
0.000623873
0.000623873
0.000663313
0.000623873
0.000886479
0.000623873
0.000623873
0.000623873
0.000623873
0.000623873
0.000623873
0.000623873
0.000623873
0.000623873
0.000623873
0.000623873
0.000623873
0.000623873
0.000623873
0.000623873
0.000623873
0.000623873
0.00243083
0.000623873
0.000623873
0.000801086
0.000623873
0.000665399
0.000623873
0.000623873
0.000847859
0.000623873
0.00123649
0.000623873
0.000623873
0.000641395
0.000623873
0.000623873
0.000623873
0.000623873
0.000623873
0.000623873
0.000628209
0.000623873
0.000623873
0.000623873
0.000623873
0.000623873
0.000623873
0.000623873
0.000825138
0.000623873
0.000623873
0.000671876
0.000623873
0.000623873
0.000623873
0.000623873
0.000667782
0.000623873
0.000623873
0.000623873
0.00247743
0.000623873
0.000623873
0.000623873
0.000623873
0.000623873
0.000623873
0.000623873
0.000623873
0.000623873
0.000623873
0.000626269
0.000623873
0.000623873
0.000623873
0.000623873
0.00084322
0.000623873
0.000623873
0.000623873
0.000623873
0.000623873
0.000623873
0.000623873
0.000623873
0.00093639
