0.00103157
0.000895505
0.000755194
0.00186003
0.000840081
0.000828263
0.000903326
0.000965198
0.000926596
0.000873478
0.000888335
0.000950139
0.000927721
0.000902893
0.000883145
0.000821384
0.000810999
0.000868689
0.00081471
0.00190276
0.00132221
0.000837707
0.00145104
0.000829444
0.000968083
0.000900996
0.000859275
0.00180064
0.00124559
0.000898282
0.000832885
0.000945581
0.00107233
0.000971167
0.00185947
0.000823795
0.000824381
0.00086023
0.000828213
0.00120253
0.000880349
0.00103402
0.000889867
0.000930566
0.000919636
0.000970811
0.000864867
0.000814511
0.000819112
0.000860902
0.00103909
0.000904879
0.000854433
0.00199862
0.00153438
0.00223991
0.000862664
0.000777005
0.000756467
0.000912781
0.000925506
0.000857604
0.0011255
0.0010839
0.000916854
0.000832438
0.000960504
0.00127669
0.00238542
0.00133433
0.000842808
0.000741088
0.0009435
0.000925924
0.000755534
0.000906226
0.00100438
0.00100966
0.000979824
0.000865551
0.000828062
0.00087873
0.000819851
0.000841564
0.000851252
0.0007471
0.000916734
0.000838414
0.00104688
0.000921523
0.000945732
0.000910387
0.000727019
0.00184122
0.000844846
0.000847304
0.000760347
0.000844047
0.00095533
0.000895522
0.000824891
0.000917481
0.000885046
0.000840292
0.00162834
0.000949812
0.000847644
0.000907068
0.000967427
0.000966164
0.000878002
0.000866652
0.000901552
0.000858535
0.00201479
0.000813964
0.000838282
0.00111879
0.000785119
0.00102447
0.000887501
0.000828899
0.000819922
0.000855624
0.000736383
0.000765592
0.00111709
0.00082613
0.00095533
0.000840828
0.000902816
0.000926395
0.0007257
0.000957452
0.000808361
0.00095958
0.00100883
0.000812782
0.00105207
0.000780629
0.000814313
0.00127821
0.000955687
0.00106906
0.00139872
0.000843805
0.00106338
0.000831865
0.000892175
0.00081216
0.000827246
0.000771501
0.000785729
0.000853632
0.000864182
0.000987228
0.000968093
0.000766534
0.000864497
0.000969254
0.000823821
0.000846873
0.00097142
0.00123465
0.000884044
0.00106944
0.000888552
0.00106242
0.00101581
0.000871151
0.000735828
0.000900517
0.000874106
0.000830345
0.00149989
0.000810605
0.000873698
0.000866064
0.00105914
0.00114551
0.000805725
0.000947003
0.000767799
0.000819792
0.000847514
0.000741323
0.000870663
0.0007855
0.00147486
0.000959149
0.000969404
0.000901596
0.000748133
0.000718131
0.000864074
0.00087638
0.000847722
0.000811764
0.000971728
0.00125218
0.000815
0.000815068
0.00191243
0.000786921
0.000996022
0.00090919
0.00106808
0.00108004
0.000951952
0.000897992
0.000928362
0.00102589
0.000749363
0.000815591
0.00123541
0.00146441
0.00133004
0.000833752
0.000881304
0.00140339
0.000866231
0.000832377
0.000962713
0.00171133
0.0011691
0.000913486
0.000866865
0.000978092
0.000862576
0.000822589
0.00193565
0.000842197
0.00176256
0.000818632
0.000877701
0.000832761
0.000852782
0.00112958
0.000738866
0.00111896
0.000813781
0.00097101
0.00131842
0.000805731
0.000827061
0.00102033
0.000783503
0.00100871
0.000997659
0.00103517
0.00117336
0.000848193
0.000969288
0.000858775
0.000860759
0.000830045
0.000926563
0.000954095
0.000962501
0.000917469
0.000865492
0.000928054
0.000807378
0.00144353
0.000763774
0.000860721
0.00107915
0.000796065
0.00087265
0.0010207
0.000854306
0.000877078
0.00122692
0.000944315
0.000885274
0.00149488
0.000909832
0.000755565
0.00084931
0.000809141
0.000871898
0.000846921
0.000826447
0.000811707
0.000920141
0.000860085
0.000923113
0.000866671
0.000782574
0.00103833
0.000994053
0.000878535
0.000794585
0.000939191
0.000757715
0.000841199
0.000760194
0.000910827
0.000794688
0.000973326
0.000950306
0.000827273
0.000853271
0.000803559
0.000891611
0.000772565
0.000764154
0.00125451
0.00100603
0.00172627
0.000866876
0.000845805
0.000804125
0.000797968
0.00130214
0.000844031
0.000929104
0.000898566
0.000850487
0.000930651
0.000895809
0.00113817
0.000846075
0.00091561
0.00104311
0.000926762
0.00463595
0.0018774
0.00090492
0.000751919
0.000854854
0.000871202
0.000928662
0.000882248
0.00100143
0.000846833
0.00135279
0.000901867
0.000879336
0.000845934
0.000819847
0.000815754
0.000808584
0.000797427
0.000916931
0.000954463
0.000836774
0.00180057
0.000753952
0.00115166
0.000892407
0.000878135
0.000943489
0.0020718
0.000925389
0.000872505
0.000796571
0.000915499
0.000912483
0.00097798
0.00074789
0.00082263
0.001023
0.000853205
0.000831569
0.000827063
0.000889469
0.00078863
0.00099818
0.00100353
0.000901215
0.000778752
0.000930933
0.000825965
0.000767596
0.00104743
0.000872271
0.00092653
0.000885292
0.000778934
0.000922594
0.000801742
0.000802718
0.00117895
0.000938632
0.00101484
0.000980502
0.00073872
0.000842669
0.00103452
0.000835781
0.000987461
0.000807321
0.000925254
0.000828774
0.000929047
0.000831548
0.000857551
0.00101518
0.00142709
0.00177909
0.000802966
0.00103056
0.00194878
0.00110564
0.00122394
0.000986345
0.000932578
0.000951454
0.000845032
0.000910375
0.000809039
0.000931703
0.000779771
0.000860703
0.000813008
0.000908791
0.00142456
0.00112535
0.000751846
0.00130655
0.000834384
0.000886514
0.00129133
0.00100053
0.000879336
0.000872732
0.000896458
0.00141599
0.00087985
0.000778955
0.000985251
0.00126335
0.00107104
0.00254218
0.000901543
0.00100252
0.00129838
0.000831971
0.000833666
0.00088972
0.000984947
0.000752416
0.00137255
0.000965274
0.000909191
0.000782286
0.000876444
0.00267861
0.000733772
0.000936078
0.000844347
0.000854386
0.000889198
0.00121615
0.00081777
0.00097938
0.000852409
0.000759944
0.000899156
0.000882303
0.00096198
0.000963239
0.000769135
0.000805563
0.00160533
0.00188387
0.000806934
0.000847667
0.000979548
0.00153658
0.0010246
0.000877855
0.000984195
0.000943162
0.000821381
0.000768
0.000747017
0.000755812
0.000962486
0.001061
0.000897548
0.0010531
0.000785713
0.00116857
0.00101511
0.00574026
0.000914642
0.00125248
0.000818575
0.00267977
0.000942738
0.00108909
0.003349
0.000799216
0.000859096
0.000827498
0.000831813
0.00207296
0.000975256
0.000845193
0.00148375
0.000874645
0.000920052
0.000842218
0.000821658
0.000768238
0.00081541
0.000969357
0.000880747
0.00103067
0.00106627
0.000809127
0.000917163
0.00104699
0.000844047
0.00130966
0.00091659
0.000885604
0.00083996
0.000855189
0.000847823
0.000778805
0.000834875
0.00139331
0.000823335
0.000755983
0.000890708
0.000834632
0.000855587
0.000784775
0.000916261
0.00196393
0.000943224
0.000752392
0.00135279
0.000827068
0.00122174
0.000964984
0.000836672
0.00107227
0.000824093
0.000837497
0.000836958
0.000959364
0.0019647
0.000888152
0.000844211
0.0010449
0.0010034
0.000861
0.000863911
0.000959117
0.000827075
0.000859074
0.000835821
0.00084382
0.000787224
0.000953765
0.000802405
0.000747607
0.000961738
0.000835097
0.000855226
0.000906743
0.000820024
0.00107668
0.000972483
0.000913543
0.00133255
0.000831498
0.000977727
0.000782314
0.000873376
0.00100476
0.00095997
0.000978964
0.000892722
0.00119476
0.00126348
0.00106244
0.000968827
0.000931816
0.000831256
0.000821841
0.000873216
0.000844494
0.000916092
0.000798906
0.000872719
0.000836738
0.000853981
0.000995198
0.00103384
0.0012195
0.000944701
0.00091446
0.000895265
0.000847364
0.000863284
0.00094684
0.00210363
0.000942599
0.000739769
0.00105117
0.000942728
0.000900396
0.00146788
0.000808918
0.000910883
0.000974793
0.000821984
0.000847717
0.00105387
0.00103516
0.000841131
0.000825971
0.000897624
0.000831199
0.000869972
0.000768466
0.00277759
0.000878803
0.000908765
0.00104229
0.000857418
0.000878698
0.000844047
0.000952283
0.000868045
0.00134948
0.0012443
0.00101499
0.000826374
0.000972595
0.000872641
0.000937334
0.000750356
0.00088633
0.000900681
0.000895951
0.000905619
0.000865614
0.00100712
0.000781243
0.000984737
0.000785739
0.000759561
0.000831893
0.000869619
0.00092015
0.000845963
0.000938515
0.000813339
0.00104097
0.00112454
0.000967715
0.000823109
0.00122171
0.000807893
0.000744841
0.000974108
0.000812677
0.000879638
0.000818289
0.000950874
0.000797823
0.000878632
0.000816144
0.000799266
0.000937977
0.00079481
0.000728141
0.00080556
0.000890229
0.000818191
0.000832998
0.000891698
0.000902627
0.000807358
0.00149348
0.00107351
0.000846011
0.00108665
0.00170151
0.000819961
0.000971942
0.00136145
0.00095997
0.00191243
0.0009907
0.000830329
0.000912501
0.000799289
0.000957304
0.00087593
0.00204383
0.000847854
0.000837434
0.00110087
0.0011389
0.00202244
0.000799176
0.00102899
0.000997871
0.00080965
0.000888003
0.000928034
0.00101869
0.000745116
0.000814154
0.000815327
0.000763684
0.00076336
0.00101013
0.00134192
0.000892436
0.000800741
0.000836369
0.000933453
0.000936679
0.00097308
0.00105695
0.00144451
0.000859718
0.000875053
0.000963192
0.000760359
0.00092728
0.000776067
0.00107511
0.000754058
0.000906627
0.000776067
0.000984898
0.000909116
0.000871885
0.000913576
0.0015962
0.00085494
0.000769135
0.000977959
0.000961215
0.000915952
0.00109144
0.000853793
0.000909758
0.000827424
0.000824538
0.000996022
0.000830838
0.000816783
0.00149808
0.00099233
0.00105525
0.000876425
0.000745552
0.000832434
0.000784945
0.000867104
0.000906704
0.000866478
0.000835054
0.000786342
0.000920872
0.00187962
0.000846358
0.000768932
0.00172501
0.00106718
0.00085764
0.00130405
0.000860085
0.000878913
0.000931582
0.00106886
0.000989689
0.000971372
0.000860502
0.000798546
0.000714522
0.000833783
0.00197479
0.00116939
0.000820557
0.00131293
0.00084184
0.000870693
0.00082529
0.00288202
0.00102454
0.000836483
0.00091936
0.00194801
0.000919962
0.000737332
0.000891259
0.00350665
0.00101948
0.000985179
0.00106028
0.00075152
0.000717701
0.000916314
0.000745275
0.000885367
0.000821644
0.00108402
0.000836676
0.00100106
0.00140166
0.000901426
0.000796065
0.00085274
0.00103226
0.000830203
0.000869375
0.0008216
0.000837811
0.000902129
0.000831526
0.000756038
0.00101893
0.00122795
0.00120802
0.000767738
0.000841222
0.000926762
0.000834479
0.00475057
0.000746045
0.000827
0.00117756
0.000833307
0.000852691
0.000812886
0.00100225
0.00109646
0.000822934
0.000817987
0.00100526
0.000726619
0.00107645
0.000780277
0.000863394
0.000944847
0.000814328
0.000962234
0.00086129
0.000852677
0.000974561
0.000998023
0.000973062
0.000867328
0.00120086
0.00079947
0.000911839
0.000900086
0.00129944
0.000802276
0.00268622
0.00127008
0.000988758
0.000821904
0.000981317
0.00101387
0.000971069
0.00133647
0.000911511
0.000896458
0.00097323
0.000915854
0.000917607
0.000967167
0.000864092
0.00104216
0.00105161
0.000969093
0.000839427
0.000998079
0.00103229
0.000844983
0.000874645
0.000825862
0.000850051
0.000997348
0.000877151
0.00230261
0.00085121
0.0008329
0.000751331
0.000753952
0.000903218
0.00103927
0.000843653
0.0011081
0.000902802
0.000983512
0.000811289
0.000837019
0.000971992
0.000847722
0.000933508
0.000803085
0.00103699
0.000737055
0.000939118
0.00079592
0.000834179
0.000902921
0.00137435
0.000908427
0.00113446
0.000976076
0.00165168
0.000819463
0.000827975
0.000755352
0.000843588
0.00106117
0.00103346
0.000841263
0.000869251
0.00107457
0.00111481
0.00122962
0.00081966
0.000738095
0.00102115
0.000856016
0.000840528
0.000752058
0.000921523
0.000968908
0.000817097
0.000902633
0.00129631
0.000904903
0.00120847
0.00740182
0.000869917
0.000925786
0.000946801
0.00123709
0.000937768
0.00136246
0.000833839
0.000956379
0.000961008
0.000822516
0.00103244
0.000811195
0.000943624
0.000896964
0.000831905
0.000881219
0.000943723
0.000808467
0.000833932
0.00124678
0.000804997
0.00127021
0.000986947
0.000945906
0.000831682
0.00113852
0.000904013
0.00130143
0.000781736
0.00115864
0.00095906
0.00147629
0.00105233
0.00103261
0.000855008
0.000832817
0.000942191
0.000841564
0.000939088
0.000838847
0.000762166
0.0010519
0.00079118
0.000913659
0.00081696
0.000776789
0.000835619
0.00119538
0.000963998
0.000790752
0.00100218
0.000928187
0.00102125
0.0014456
0.000874115
0.00282266
0.000935116
0.00141076
0.000832253
0.000752812
