0.000958448
0.000927361
0.00103899
0.000721428
0.000943719
0.000718408
0.00132595
0.00106544
0.000752992
0.00138249
0.000768375
0.00153625
0.00135726
0.000796092
0.00103141
0.00188364
0.000810435
0.000743034
0.00274371
0.00101679
0.000825648
0.000690729
0.000825001
0.000675102
0.000754631
0.000923696
0.00086182
0.000809425
0.00131249
0.000971164
0.000735627
0.000979111
0.000875833
0.00199852
0.00069474
0.000950897
0.0010068
0.000918316
0.00101568
0.000936521
0.000861217
0.000728842
0.000774873
0.00098356
0.000742877
0.000985395
0.00089714
0.00104273
0.000836234
0.00145591
0.000970398
0.000840465
0.000897718
0.000982427
0.000940826
0.000774318
0.00158894
0.00093777
0.000969248
0.00128011
0.000769448
0.00134537
0.00085602
0.000977269
0.000952728
0.000936032
0.000876085
0.000877694
0.000987598
0.000708799
0.000696194
0.000882804
0.00148448
0.00151131
0.000761653
0.00397137
0.000857662
0.00125188
0.000796168
0.00153316
0.000774888
0.000678992
0.000780258
0.000719782
0.00087258
0.00151183
0.000793261
0.000872725
0.000810883
0.00100767
0.000814077
0.00136308
0.000859106
0.000938382
0.00158401
0.000913913
0.00105568
0.000976383
0.0011159
0.000703877
0.000948376
0.000777275
0.000892091
0.00125401
0.00108773
0.000966788
0.000735324
0.000806346
0.00133808
0.000788544
0.000764169
0.000750695
0.000950335
0.00103013
0.000732428
0.000992829
0.00133246
0.0014528
0.000954874
0.00103411
0.000785192
0.000690729
0.000856729
0.000939189
0.00082657
0.00199779
0.000949879
0.00120516
0.00105321
0.00110583
0.00134147
0.000772266
0.000946442
0.00104583
0.00129956
0.00246298
0.000711635
0.000852395
0.000656165
0.000903491
0.000988967
0.000973532
0.000840332
0.000868748
0.000960924
0.000978391
0.000631127
0.000933919
0.00119156
0.000708716
0.000899277
0.00093898
0.000929974
0.000867697
0.000997288
0.000744383
0.00150082
0.00111329
0.000952141
0.000807037
0.000733926
0.000912161
0.0010508
0.000841009
0.00124934
0.000809907
0.000789782
0.000732715
0.000698015
0.000904336
0.00069715
0.00108103
0.000884619
0.000756153
0.000638437
0.000766247
0.00135266
0.000975571
0.000767715
0.000730909
0.000766099
0.000687392
0.00072409
0.000959224
0.000883198
0.000926471
0.000897535
0.000938192
0.000847126
0.000873278
0.000866102
0.000831273
0.000985358
0.00176195
0.000952276
0.000739347
0.000976224
0.000868532
0.000775348
0.000955778
0.000828636
0.00090739
0.000846265
0.000735312
0.00075828
0.000980539
0.00077017
0.00209158
0.00088832
0.00168845
0.000797356
0.000965446
0.000938835
0.000931273
0.00147101
0.000821359
0.000954874
0.000925155
0.000682735
0.000953457
0.000878076
0.000782036
0.000756138
0.000868527
0.000696831
0.00091426
0.000902887
0.00121281
0.000949205
0.000910531
0.00076353
0.000893699
0.000998417
0.00109654
0.000660618
0.000897789
0.000912485
0.000897105
0.00081826
0.000763761
0.000733571
0.000891061
0.000846902
0.000874906
0.000710305
0.000914093
0.000861708
0.00126675
0.00111708
0.000938361
0.00103883
0.00116769
0.000964096
0.000783275
0.000723069
0.000739987
0.000746464
0.00107144
0.000781969
0.000914394
0.000746353
0.00106727
0.000660618
0.000986861
0.00100481
0.000882436
0.000703858
0.000785552
0.00133108
0.000836838
0.000721932
0.000736066
0.000856164
0.000651195
0.00143177
0.000874789
0.000783422
0.000883068
0.000856916
0.000985828
0.00204636
0.00098855
0.000933357
0.000838333
0.000667107
0.0010498
0.000630478
0.00123337
0.000867737
0.00101559
0.000947833
0.000859901
0.000750941
0.00165277
0.000947093
0.00141405
0.000824982
0.000826065
0.000714252
0.000887586
0.000745176
0.00084068
0.000882257
0.000975104
0.000916306
0.00112612
0.000907725
0.00087439
0.00070196
0.000767071
0.000997149
0.000710537
0.00146334
0.00072538
0.00087411
0.000660113
0.000876096
0.00134727
0.00074162
0.000688812
0.000867065
0.00107883
0.00073409
0.00147295
0.000914175
0.000868886
0.000710403
0.00145374
0.000773719
0.000753149
0.000671264
0.000890713
0.000937702
0.000950455
0.00145699
0.00101461
0.000791311
0.000743109
0.00127006
0.000740368
0.00123218
0.000889907
0.000855136
0.0013187
0.00133652
0.000727079
0.000878788
0.00112499
0.0010212
0.000937915
0.000689127
0.000781685
0.000820174
0.000771959
0.00094812
0.000986043
0.000742576
0.000742313
0.000966788
0.000863512
0.000758604
0.00231623
0.000705559
0.00108597
0.000942528
0.000748043
0.000966838
0.000838683
0.000850094
0.000674111
0.000637654
0.000843897
0.00360055
0.000912784
0.000850967
0.000647032
0.000945848
0.000841065
0.000880266
0.000913385
0.000942908
0.0027216
0.00165753
0.000769236
0.000724109
0.000842776
0.00156313
0.000744173
0.000835864
0.000867065
0.000812219
0.00108487
0.000718685
0.000680982
0.000888982
0.0011959
0.000863558
0.000922087
0.000884947
0.00137497
0.000730716
0.00534172
0.000682314
0.000688246
0.00128427
0.000972903
0.000982156
0.00164025
0.000754412
0.000968264
0.00122047
0.000878508
0.000796068
0.000723242
0.000767233
0.00138975
0.000676158
0.000971264
0.00210199
0.00145706
0.000696976
0.000838761
0.000709578
0.00150743
0.0010228
0.00105468
0.000842525
0.000737727
0.000897392
0.00113305
0.000937748
0.000859711
0.000853805
0.00111851
0.000923132
0.00115413
0.000846802
0.000667107
0.000841685
0.000913754
0.00084971
0.000968741
0.000977371
0.000802004
0.000832794
0.000751929
0.000925796
0.000909017
0.000942452
0.000865863
0.000728678
0.00145481
0.00151807
0.00151389
0.000682735
0.000692174
0.000734475
0.00101266
0.00162382
0.000996115
0.000864788
0.000809488
0.000920935
0.000746102
0.000784249
0.000888246
0.00157816
0.0010017
0.000840836
0.000863645
0.0012572
0.0012644
0.000850704
0.000872987
0.000706653
0.00149842
0.000929705
0.000801193
0.000912681
0.000877002
0.00128556
0.00093899
0.000940835
0.000960224
0.000904602
0.000804118
0.000980366
0.000858934
0.000945725
0.00100592
0.000868414
0.00089973
0.000883887
0.00140425
0.000691574
0.000771673
0.00105594
0.000762022
0.00115354
0.000909736
0.00072617
0.000914383
0.000824187
0.000878844
0.00115546
0.000790337
0.000762491
0.000936586
0.00098664
0.000922538
0.000815725
0.000625946
0.000893652
0.000731563
0.000897789
0.000846395
0.00085848
0.000892583
0.000935164
0.000883756
0.000685265
0.000918234
0.000890596
0.000859197
0.00108379
0.00109818
0.00211649
0.00100446
0.000968074
0.00153351
0.00100875
0.000832927
0.000997596
0.00071097
0.000926522
0.000748509
0.000652722
0.000814644
0.000825088
0.000957058
0.00146347
0.000915174
0.00105552
0.000919234
0.00115073
0.000863689
0.000787463
0.000851125
0.000978452
0.00235739
0.000820527
0.000719118
0.000662538
0.000672289
0.00138284
0.00119858
0.000683778
0.000710026
0.000714194
0.000686241
0.000744482
0.000743034
0.000813047
0.000723862
0.000828217
0.00087935
0.000721844
0.000822409
0.000701654
0.000768052
0.00130527
0.00086241
0.00151766
0.00123277
0.00166085
0.000963544
0.00110536
0.000864732
0.000961737
0.000917562
0.000842604
0.00110789
0.0017574
0.000835493
0.000836458
0.00100407
0.000901838
0.000837901
0.00086455
0.000711375
0.000982441
0.000955446
0.000710224
0.000923316
0.000819368
0.000879362
0.00128562
0.000741562
0.000853643
0.000805939
0.00076235
0.000838835
0.000778592
0.000866501
0.000914015
0.000965887
0.000748667
0.000887727
0.000793848
0.000977842
0.000722247
0.000677953
0.000720545
0.0015804
0.00188463
0.000765191
0.000972018
0.00146016
0.000713751
0.000881038
0.000613751
0.000785062
0.000955341
0.000742551
0.00111482
0.000762008
0.00212391
0.00106554
0.000835388
0.000860751
0.000883565
0.000967383
0.00121281
0.00154857
0.00117226
0.000819554
0.00144293
0.000936346
0.000944519
0.000745863
0.000747367
0.000918957
0.00128094
0.000940033
0.00286268
0.000922474
0.000791076
0.00155862
0.000908583
0.000746992
0.000743364
0.000918329
0.00121723
0.000777865
0.000914868
0.000694471
0.000887398
0.000952917
0.00138013
0.00124745
0.000816118
0.000727586
0.000943504
0.00141929
0.000932572
0.000926176
0.00132531
0.00096131
0.00174998
0.000820135
0.000787925
0.00158326
0.00120724
0.000941886
0.00345183
0.000982004
0.000710026
0.00106939
0.000940677
0.000926795
0.00130708
0.000999202
0.000688415
0.00150561
0.000694768
0.00155563
0.00125199
0.000830451
0.00133023
0.00079587
0.000934548
0.000684971
0.000856148
0.000774905
0.000835635
0.0010109
0.000863133
0.00163962
0.00131797
0.000745546
0.0008944
0.000669475
0.00113018
0.000827092
0.000848367
0.00089893
0.000778243
0.00163352
0.00094312
0.000728842
0.000754181
0.000709159
0.00135314
0.000853903
0.00142336
0.000848537
0.00290749
0.000972898
0.000695737
0.000859515
0.000911321
0.000816479
0.000734168
0.00102753
0.0012322
0.00160302
0.000719664
0.000768594
0.000668764
0.00476364
0.00100275
0.00108774
0.000728106
0.000696235
0.000924923
0.000868063
0.000971307
0.000701308
0.000837364
0.00092378
0.000855217
0.000843333
0.000868844
0.0013642
0.00144952
0.000930867
0.000867911
0.000950866
0.000903007
0.000891764
0.000683853
0.000729656
0.000880341
0.0014027
0.00106784
0.000828687
0.000916223
0.00101666
0.000771557
0.00151551
0.000923168
0.000915827
0.00105262
0.00153455
0.000784392
0.00149277
0.000966147
0.000882249
0.00285315
0.000860973
0.00100929
0.000642349
0.00107743
0.000696243
0.000859504
0.000954405
0.000890903
0.00076898
0.000876284
0.000921174
0.000779243
0.000782456
0.000877086
0.000786723
0.000881689
0.00137067
0.000718076
0.000643185
0.00106727
0.000883764
0.000979371
0.000916909
0.000946155
0.00102833
0.000864236
0.000836902
0.00103011
0.000824361
0.000941957
0.000946445
0.00100656
0.000793995
0.000896649
0.000757506
0.00412643
0.00140771
0.000973084
0.000626085
0.00103211
0.000897478
0.000795331
0.0010812
0.000719239
0.00115878
0.00130204
0.000993387
0.000957795
0.000897027
0.000881557
0.000986861
0.00153336
0.000758548
0.000865301
0.000945404
0.000784392
0.000867151
0.00088413
0.000968755
0.000921211
0.000772562
0.000691714
0.000608715
0.000810883
0.000805089
0.00100776
0.00092684
0.000981195
0.00201681
0.00385414
0.000943606
0.000801787
0.000886756
0.000845911
0.00133083
0.000695466
0.000763514
0.000857004
0.00149729
0.000803175
0.00082358
0.00115295
0.000785133
0.0014104
0.000772685
0.000843437
0.00116268
0.00100974
0.000874666
0.00113791
0.000735616
0.00182815
0.000798586
0.000805811
0.000883699
0.000941679
0.00149255
0.000904744
0.000949149
0.00217048
0.000701696
0.00146662
0.000844494
0.000745792
0.000700765
0.00144258
0.000987598
0.00101291
0.000881202
0.000764011
0.00107568
0.000823117
0.000751833
0.000746854
0.000765356
0.000873427
0.000914115
0.000957978
0.000734168
0.00148198
0.000709933
0.000894111
0.000749646
0.000889902
0.000899787
0.000771634
0.000695055
0.000812734
0.00091631
0.00133652
0.00103682
0.000975406
0.00219579
0.000973004
0.000899797
0.000851391
0.000938561
0.000942192
0.00196706
0.000972548
0.00111691
0.000861247
0.00136446
0.000915489
0.000876166
0.00104766
0.00096036
0.00455245
0.000674225
0.000819589
0.000792704
0.000899541
0.000713667
0.000820174
0.00241041
0.000963544
0.000802341
0.000880446
0.000883085
0.00150094
0.000684464
0.00130518
0.000734418
0.000893718
0.000765741
0.00174692
0.000699965
0.000950315
0.000706592
0.00174692
0.00100054
0.000985828
0.000732514
0.000932401
0.00135163
0.000759024
0.000996491
0.000834395
0.000734522
0.000867946
0.000817937
0.0014367
0.000949321
0.00105597
0.000973447
0.000875352
0.00558537
0.00102301
0.000934961
0.00107291
0.000886175
0.00109475
0.000920642
0.00136774
0.00141244
0.00164101
0.000827747
0.00155611
0.000874288
0.000872516
0.000658258
0.00077074
0.000937137
0.000950531
0.000975485
0.000869881
0.000722218
0.000973355
0.000765674
0.000847742
0.000947049
0.000878404
0.00080003
0.000719383
0.000919517
0.000835558
0.000969248
0.000742608
0.000664133
0.000714558
0.000778319
0.000697455
0.000844078
0.000857938
0.000953426
0.000702523
0.000812219
0.000949311
0.000847234
0.000755967
0.000740164
