0.00118245
0.000766038
0.00114858
0.000759193
0.000950585
0.000762415
0.00101962
0.00163614
0.000834178
0.000805697
0.00200003
0.00076552
0.0007235
0.000936559
0.000812443
0.000798464
0.000841541
0.000755749
0.000916025
0.000967175
0.00091841
0.000721466
0.000926295
0.00108492
0.000799997
0.000742056
0.000765675
0.00139899
0.00102514
0.000820844
0.00074967
0.000851687
0.000751068
0.000926137
0.00076552
0.000984667
0.00132282
0.000814755
0.000804379
0.000909246
0.000843754
0.0018364
0.00103708
0.000800946
0.000827763
0.00154704
0.00101428
0.000824564
0.00101246
0.0007208
0.000950176
0.000784667
0.00089413
0.00191713
0.00114205
0.00180348
0.000872396
0.000813916
0.00075262
0.000826547
0.00182706
0.00087717
0.000805868
0.0013227
0.000755248
0.000844144
0.000774549
0.000808864
0.00177817
0.000739545
0.000894466
0.000756975
0.00087204
0.000881153
0.000765573
0.000810791
0.00089011
0.000814542
0.000794991
0.000804404
0.000831459
0.00075348
0.000992195
0.00117236
0.00100682
0.00148822
0.0009345
0.000794478
0.00233478
0.000780646
0.00115328
0.000809073
0.000761655
0.00176414
0.000782478
0.000886754
0.000769802
0.000924612
0.000806238
0.000825379
0.000867869
0.000709064
0.000744365
0.00192835
0.000736201
0.000862322
0.000851362
0.00115066
0.000902396
0.000850034
0.00082536
0.000834021
0.00100677
0.00109141
0.00141523
0.000915511
0.000777036
0.000802838
0.000871787
0.00100341
0.000891689
0.000970003
0.00192408
0.00101991
0.000747971
0.000843186
0.00112471
0.000877884
0.000888412
0.00078364
0.00101694
0.00084441
0.000811787
0.000802415
0.00076468
0.000761889
0.000724473
0.000993122
0.000828993
0.00218905
0.000917918
0.000969399
0.000777859
0.000721472
0.00105887
0.000860794
0.0012945
0.000872192
0.00189141
0.00121749
0.000762326
0.00081512
0.000913651
0.000880782
0.000718352
0.000893491
0.00103182
0.000788569
0.000781327
0.000987143
0.000738763
0.000856727
0.00150545
0.000907139
0.000886002
0.00106097
0.000968711
0.000996954
0.000751888
0.000823425
0.000891102
0.00130365
0.00113526
0.00178626
0.000971966
0.000824789
0.00095646
0.00107815
0.00174291
0.000846881
0.00228107
0.000886963
0.00240863
0.00109382
0.00110171
0.00166062
0.00177743
0.00098167
0.000788462
0.00174919
0.000797785
0.000812978
0.000886989
0.000870137
0.000849106
0.00090995
0.000985496
0.000732111
0.000928403
0.000816661
0.000723807
0.000843427
0.00100886
0.000843005
0.000821309
0.000762008
0.000824364
0.00221454
0.000922773
0.00150914
0.00221169
0.000822365
0.000833965
0.000936895
0.000908972
0.000757883
0.00100978
0.000944067
0.000764423
0.0011554
0.00175215
0.00107872
0.000858997
0.000825736
0.000746011
0.000921067
0.000723906
0.000886654
0.000766543
0.000731325
0.000725794
0.00101565
0.00078364
0.000897012
0.000825339
0.000813179
0.000725611
0.000803183
0.00132751
0.000993617
0.000884681
0.00217887
0.000832844
0.000853674
0.000817901
0.000706928
0.00114735
0.00078511
0.000774882
0.00105516
0.000828904
0.00155588
0.000736628
0.000903364
0.000984809
0.000727342
0.00118301
0.000759447
0.00159322
0.00108042
0.0009345
0.000846313
0.00190197
0.000777763
0.00110306
0.00134431
0.000846046
0.00108504
0.00075958
0.000781053
0.000822163
0.000775472
0.000768862
0.000861734
0.000897744
0.000820223
0.000835888
0.00246801
0.000743256
0.000860996
0.000894996
0.000874777
0.00101602
0.00158452
0.000856921
0.000821646
0.000938193
0.000963679
0.00085546
0.000884979
0.000745683
0.000809298
0.00100024
0.00105098
0.000862446
0.000830969
0.000740786
0.000883315
0.00109859
0.000942139
0.000908727
0.000833948
0.000898739
0.000921624
0.000760987
0.00138983
0.000935069
0.000718732
0.000821396
0.000875535
0.000870173
0.000746346
0.00138004
0.00101485
0.00102068
0.000920333
0.00103289
0.00174195
0.000797555
0.00096515
0.00113375
0.000830267
0.00195967
0.000872972
0.00113787
0.000755551
0.0011988
0.000779237
0.00110428
0.000822977
0.000845345
0.000948904
0.000854344
0.000743775
0.000777681
0.000820208
0.000839803
0.00101991
0.00100848
0.000743892
0.00087393
0.000804355
0.00182236
0.00107629
0.00100621
0.000828986
0.000976199
0.000746684
0.000734682
0.000912045
0.00101999
0.000977859
0.00138789
0.000813776
0.00107225
0.00175395
0.000874529
0.00089726
0.00173938
0.0010367
0.00103949
0.000855846
0.000913091
0.000847866
0.000968896
0.000786743
0.00087778
0.000729846
0.000852168
0.000743562
0.00151692
0.00195566
0.000735696
0.000742365
0.000916038
0.00113977
0.000754221
0.00130807
0.00145788
0.00133348
0.000942182
0.00083909
0.000842389
0.000808625
0.000863182
0.00105013
0.00092523
0.000846805
0.000920168
0.00089727
0.00174513
0.000809627
0.000817461
0.000716797
0.00138973
0.0016636
0.000769765
0.0015076
0.00192481
0.000866109
0.000866534
0.000888416
0.00094971
0.0015282
0.000841856
0.000865878
0.000859709
0.00232607
0.000858855
0.000726947
0.000923526
0.000857692
0.000723545
0.000826268
0.000963761
0.000805251
0.000797733
0.000839329
0.000898555
0.00140367
0.000893669
0.0020782
0.00089061
0.000949143
0.00107872
0.000866443
0.00090095
0.000743676
0.000842379
0.000762728
0.000724122
0.000858358
0.00109923
0.00187328
0.000818071
0.000859002
0.00148339
0.000822669
0.000861868
0.000761965
0.00113387
0.000822073
0.00172695
0.000897654
0.000880271
0.000783866
0.000909286
0.000873462
0.000927083
0.00108367
0.00219087
0.000747555
0.00076472
0.00101226
0.00082527
0.000929367
0.000999978
0.00149961
0.00192481
0.000876365
0.000760156
0.00079288
0.00368221
0.000924477
0.000779526
0.00122341
0.00163325
0.00101938
0.000795692
0.000892142
0.00120262
0.000771389
0.00111152
0.000874959
0.000949658
0.00180999
0.000843214
0.000967033
0.00075129
0.000825722
0.00107604
0.0018234
0.000935219
0.000723345
0.000866032
0.00183239
0.000724865
0.00151602
0.000775259
0.00102212
0.000953408
0.000887087
0.000963153
0.000845864
0.000929177
0.000892812
0.00196418
0.00110589
0.000828386
0.000911644
0.000833143
0.00095768
0.000739037
0.000711853
0.000882821
0.000928486
0.00102621
0.00108557
0.000907114
0.000951476
0.000755549
0.000992877
0.000740396
0.00208628
0.000803137
0.00102778
0.00228721
0.000785049
0.000834295
0.00116419
0.00119823
0.0010064
0.000859002
0.000890058
0.000865488
0.00102595
0.000946726
0.000840383
0.000757273
0.000965594
0.0010455
0.000805825
0.000824294
0.000887055
0.000723953
0.000819987
0.00121298
0.000909279
0.00106834
0.000796073
0.000922069
0.00115363
0.00079234
0.000852834
0.000706632
0.00075703
0.000824579
0.000873407
0.00185041
0.000951576
0.00190781
0.000953174
0.000926928
0.000862117
0.000723867
0.000815972
0.000931275
0.000858842
0.000903955
0.000858051
0.000756329
0.0011349
0.000809271
0.000898125
0.000730198
0.000871569
0.000782561
0.00155948
0.00079825
0.0008713
0.000808615
0.0017164
0.00112222
0.00117229
0.000846601
0.00074558
0.00079838
0.000832844
0.000912166
0.000954056
0.000767742
0.000974501
0.000770166
0.00110596
0.00114601
0.00103166
0.000801185
0.000795195
0.00128954
0.000852333
0.000754249
0.00121409
0.000784372
0.000884239
0.000902396
0.00132988
0.000779119
0.00078529
0.0013017
0.00109574
0.000859865
0.000940793
0.000985668
0.00110181
0.000879812
0.000831563
0.00095321
0.00368118
0.000869606
0.00099445
0.000841513
0.000747623
0.00100677
0.000855512
0.000887637
0.00107423
0.00150722
0.000811584
0.000782143
0.000772132
0.00104516
0.000754393
0.000811934
0.000783285
0.00191383
0.000843649
0.00108332
0.00192652
0.00102764
0.00187478
0.000760343
0.000826203
0.000785832
0.000822582
0.000849197
0.000746804
0.00089759
0.000849856
0.000935842
0.000864517
0.000806342
0.000772361
0.00073654
0.000806197
0.000835766
0.000826019
0.000934759
0.000956266
0.000827304
0.00225758
0.00146956
0.000830421
0.000840151
0.00082466
0.00074511
0.00149617
0.00090558
0.00265827
0.000779536
0.00098595
0.00071661
0.000791082
0.00079131
0.00199819
0.000782908
0.000859188
0.00081204
0.000943679
0.000840439
0.000782881
0.000831186
0.00207049
0.00117656
0.00253456
0.000896749
0.000782917
0.00214194
0.000872551
0.000957979
0.0010742
0.000888412
0.000746376
0.00086775
0.000988021
0.00078799
0.000740054
0.000937799
0.0011889
0.000884571
0.000786326
0.000850051
0.000814428
0.000800802
0.0020482
0.00102269
0.000863551
0.00139838
0.000861039
0.000747106
0.00201124
0.000858415
0.000777125
0.000838839
0.000774227
0.000866443
0.000883051
0.000905935
0.000753384
0.00105089
0.000776558
0.000890394
0.000788432
0.000835792
0.00134415
0.000887064
0.00109607
0.00123383
0.000843613
0.000812902
0.000727056
0.0011931
0.000930683
0.00076687
0.00100904
0.00117991
0.000895286
0.000842198
0.000908195
0.000839283
0.000810933
0.000875703
0.000754024
0.00089392
0.000756626
0.000859588
0.000728669
0.000802725
0.000702322
0.000743125
0.000966734
0.000844239
0.000782021
0.000828571
0.000830227
0.0010911
0.000780491
0.000763441
0.000725912
0.00087857
0.000746416
0.00249204
0.000817207
0.00155281
0.000827437
0.000840081
0.000743524
0.00105077
0.000762623
0.000779608
0.000851109
0.000733648
0.000853789
0.000902088
0.000878713
0.000816961
0.000708943
0.000782306
0.000945457
0.000884721
0.0018618
0.00104233
0.00148416
0.000776338
0.00088395
0.000792375
0.0007781
0.00128167
0.000748296
0.000922111
0.000763745
0.000852996
0.00080624
0.000771969
0.000980231
0.000730399
0.00087849
0.00077273
0.000728157
0.000828872
0.000795704
0.000831495
0.00123473
0.00104478
0.000823493
0.00174675
0.000784141
0.000892774
0.000767371
0.000761889
0.000828059
0.000744423
0.00106685
0.00085572
0.000720789
0.000771968
0.00180609
0.000828172
0.000889815
0.000895818
0.000961081
0.0014573
0.000794869
0.000833054
0.00137763
0.00124265
0.000812643
0.00103155
0.000824172
0.000782069
0.000841284
0.00102634
0.000866639
0.000905701
0.000812616
0.000766475
0.00099087
0.000845291
0.000835601
0.000796293
0.000850696
0.000749135
0.000804144
0.00127321
0.00170939
0.00078564
0.000827315
0.00101427
0.000799745
0.00101636
0.00102778
0.000861853
0.00109419
0.000828654
0.000848611
0.000901451
0.000811942
0.00107937
0.00083927
0.00088261
0.000828388
0.00120149
0.000909115
0.000782672
0.000839143
0.0011088
0.000727452
0.000785354
0.000839948
0.00122977
0.000748712
0.00171056
0.000829267
0.000789811
0.00105208
0.000760204
0.00168829
0.000850766
0.00200641
0.000841279
0.0017849
0.00222851
0.00210434
0.000833054
0.000750006
0.00160764
0.000921311
0.000842495
0.00174919
0.00170972
0.00073641
0.00083096
0.000733621
0.000820358
0.00074762
0.000979387
0.00101837
0.000851886
0.000968949
0.000884485
0.00274096
0.000838069
0.000827348
0.000773428
0.000761584
0.00103093
0.00214988
0.000756304
0.000829198
0.000747053
0.000985773
0.000825917
0.000831686
0.000723351
0.000995896
0.00103504
0.00075709
0.000797161
0.000759764
0.00175638
0.000885811
0.000901881
0.00111234
0.00103097
0.000761444
0.00071816
0.000762323
0.000737025
0.000845979
0.000808905
0.000756542
0.0010098
0.000883211
0.000862999
0.000715048
0.000747496
0.00101375
0.00134386
0.00105577
0.000772334
0.00111687
0.000863113
0.000862113
0.000829272
0.000742584
0.000833268
0.000865926
0.000736148
0.000916987
0.000790578
0.000825369
0.000712653
0.00154069
0.000867881
0.000973019
0.00217299
0.00107267
0.00119055
0.000747207
0.00122082
0.000720996
0.000725749
0.00081372
0.00096842
0.00125581
0.000724176
0.000842186
0.000827554
0.000778056
0.000864559
0.000814609
0.00103055
0.00117787
0.00220653
0.000942161
0.000801162
0.000771503
0.00137418
0.000983309
0.000736132
0.00143046
0.000888794
0.00109652
0.00103377
0.00108222
0.000991626
0.000864912
0.00099574
0.000855157
0.000770153
0.000818842
0.00109952
0.000847321
0.000760253
0.000937382
0.00124024
0.00104478
0.000829781
0.000850145
0.00174462
0.000905329
0.00245415
0.000731111
0.000817312
0.00106049
0.000818979
0.000842131
0.0011668
0.000727524
0.0010684
0.000900358
