0.000902372
0.000769329
0.00125902
0.00075538
0.000880421
0.000893749
0.000741168
0.000743956
0.00137216
0.000819299
0.00166834
0.00120918
0.000784894
0.00086136
0.000785178
0.00107465
0.00120948
0.000753189
0.0013047
0.000798694
0.00153623
0.00209857
0.000754601
0.00105056
0.000827921
0.000870915
0.000916149
0.000929615
0.000764565
0.000798441
0.00243545
0.000778252
0.00202691
0.000859296
0.000873664
0.000801533
0.000750801
0.00393597
0.000721837
0.000754411
0.00264085
0.00081092
0.000807169
0.000784506
0.000783197
0.00130011
0.00079404
0.000725067
0.000798602
0.000831285
0.000717591
0.00649777
0.00088249
0.000806267
0.000738057
0.00152656
0.000751703
0.000740909
0.00078753
0.000916696
0.000784942
0.00117818
0.000874521
0.0010522
0.000788144
0.000707211
0.00166742
0.00143842
0.00104144
0.000851413
0.000956817
0.000764048
0.000759985
0.000894751
0.00124895
0.000828466
0.000939022
0.000777935
0.00110125
0.000881967
0.00114879
0.000786463
0.000775892
0.000775446
0.000809611
0.000776335
0.000763159
0.000839784
0.00077926
0.000798951
0.00070681
0.000754527
0.000772561
0.000805608
0.000927626
0.000845975
0.00099711
0.000818823
0.0010081
0.000939792
0.000769675
0.000806556
0.000748256
0.00100144
0.00125549
0.00119503
0.000801509
0.000856801
0.00102104
0.00074459
0.000765585
0.000774046
0.000790007
0.000789196
0.000770186
0.00084891
0.000752442
0.00219179
0.00102838
0.000779343
0.000917668
0.000736837
0.000893572
0.000788609
0.000992036
0.000794576
0.000774339
0.000780855
0.000768298
0.000827598
0.000795847
0.00100264
0.000771724
0.000764773
0.00102927
0.000798286
0.000767092
0.000812312
0.00110336
0.000729693
0.000826857
0.000746753
0.000757175
0.000850252
0.000812768
0.00205842
0.000791897
0.00133784
0.000732077
0.000777582
0.00077801
0.00079892
0.00167881
0.000842917
0.000929151
0.000763536
0.000696542
0.00101799
0.00079074
0.000748032
0.000889147
0.000962836
0.00169506
0.000896216
0.000890594
0.000741553
0.00112356
0.000788493
0.00105253
0.000817062
0.000908048
0.000773251
0.000822225
0.00102265
0.000915663
0.00107085
0.000879713
0.000969812
0.00216927
0.000734344
0.000901771
0.0012657
0.000764412
0.000851955
0.000966181
0.000794207
0.000750068
0.000808203
0.000690119
0.000805258
0.00148674
0.00170697
0.000864438
0.00101502
0.000724866
0.000743901
0.000751653
0.00101238
0.000815994
0.000773445
0.00125371
0.00140361
0.000848014
0.000835501
0.0012136
0.00082685
0.000806786
0.000762378
0.000901825
0.000853161
0.000965182
0.000832944
0.000753355
0.000996538
0.00133598
0.000832247
0.00132581
0.00195322
0.000720621
0.0009896
0.000834788
0.00103478
0.000750495
0.000852363
0.000786382
0.000828483
0.000907928
0.000712508
0.000973996
0.000735959
0.000849561
0.000809963
0.00076216
0.000759475
0.00109148
0.000786155
0.000921881
0.000752396
0.000822716
0.000776012
0.000794264
0.000746034
0.00157992
0.00081343
0.000844249
0.000812103
0.00089269
0.000791384
0.000788752
0.000757584
0.000754245
0.000865896
0.000855313
0.000756003
0.00219179
0.000841961
0.000810837
0.000821691
0.000829238
0.00110024
0.000772491
0.00082561
0.000746628
0.000780039
0.000877634
0.000901655
0.000983959
0.000802147
0.000769292
0.000786502
0.00075577
0.000815887
0.000780304
0.000869968
0.000746351
0.000794234
0.00077507
0.000844388
0.000819008
0.0010016
0.00290849
0.000707553
0.000783659
0.000821821
0.000861706
0.000912434
0.00163694
0.00315657
0.0012215
0.000810455
0.000904519
0.000794744
0.000832282
0.000741366
0.000790467
0.000793222
0.000983639
0.00189932
0.000818155
0.000762048
0.000755199
0.00159524
0.00115599
0.000829065
0.000903937
0.000805431
0.000793666
0.000943735
0.00150939
0.000961957
0.000924475
0.00166635
0.000865772
0.000845945
0.000856772
0.001523
0.000803053
0.00197845
0.000798115
0.000775352
0.000934808
0.000818953
0.000690077
0.000967495
0.0026179
0.000781411
0.000833814
0.000770845
0.000894968
0.00132153
0.00213394
0.000785672
0.000989635
0.00116527
0.000807541
0.000812942
0.000736174
0.000800327
0.00160666
0.000865648
0.000814312
0.00196956
0.000933155
0.000804084
0.00075538
0.00100253
0.00196956
0.000833046
0.000896265
0.000758926
0.00110194
0.00218248
0.000799731
0.00160758
0.00085108
0.000845275
0.00108275
0.001086
0.000747009
0.000714546
0.000750026
0.00086706
0.000754369
0.000926537
0.000804924
0.000738519
0.000815637
0.000870855
0.00122495
0.000878115
0.000939474
0.000939336
0.000771798
0.000733462
0.00112973
0.000786298
0.000730635
0.000717549
0.00123166
0.000781295
0.000749972
0.000771189
0.000784918
0.000812367
0.000799084
0.000941486
0.000788066
0.000759306
0.00192787
0.000734597
0.000726849
0.000770032
0.00092237
0.000775811
0.00108519
0.000795829
0.00191839
0.000753663
0.000970418
0.000757453
0.000765952
0.000939474
0.000844794
0.000774906
0.000790534
0.000896044
0.000791587
0.000743922
0.000788438
0.000765622
0.000931113
0.00135768
0.000730785
0.000764565
0.00102918
0.000809239
0.000711085
0.00112255
0.0017405
0.000985066
0.000923151
0.000772109
0.00233876
0.000746727
0.000792764
0.00137219
0.000806594
0.000843804
0.000866322
0.00081481
0.000907142
0.000808656
0.000763274
0.0007027
0.000875462
0.000832234
0.000757431
0.0009134
0.0014007
0.000773772
0.000995615
0.000810832
0.000836312
0.000748028
0.000822995
0.00140973
0.000751039
0.000783556
0.000855317
0.000747861
0.000735581
0.0015618
0.00218248
0.00079812
0.000788933
0.00124653
0.000793373
0.000913197
0.000762721
0.000924401
0.000773357
0.000749782
0.000812128
0.000741403
0.000709612
0.000753582
0.00176688
0.000856661
0.000940689
0.000787243
0.00315554
0.000906577
0.00082623
0.000778479
0.000779642
0.000689915
0.0007454
0.0014227
0.00085092
0.000873893
0.000745036
0.00080755
0.000846206
0.00115434
0.00077749
0.000753247
0.00073366
0.000942912
0.000807016
0.000819265
0.00075454
0.0007138
0.000863986
0.000759858
0.00127806
0.000927532
0.00103339
0.000768946
0.00080908
0.00131642
0.000722894
0.000939573
0.000832095
0.00237643
0.000965467
0.000759015
0.000778381
0.00078761
0.000947314
0.000751719
0.000812247
0.000952259
0.000879916
0.00102748
0.0021341
0.000802138
0.000766291
0.000913359
0.000801387
0.00229922
0.000810408
0.000833667
0.000786832
0.000825632
0.00115977
0.000911373
0.00240207
0.000836717
0.00121197
0.00083147
0.000850915
0.000858359
0.00106897
0.000792863
0.000721899
0.00077144
0.000789488
0.000842443
0.000786073
0.0007475
0.000883328
0.000778804
0.000749944
0.000722799
0.000787152
0.000766761
0.000787856
0.000754428
0.000823766
0.000773368
0.000850354
0.000749805
0.00104568
0.000811969
0.00106393
0.00091168
0.000996952
0.00078193
0.000837478
0.000791807
0.00116647
0.000839408
0.000820739
0.0009599
0.00209296
0.00248907
0.000784422
0.00101445
0.000799322
0.000846091
0.000794411
0.000911307
0.000941813
0.000764123
0.00156057
0.00243897
0.000805527
0.00128389
0.000765976
0.00134851
0.00351659
0.000956798
0.00316692
0.0021241
0.00139098
0.00081989
0.000720372
0.00107924
0.000769238
0.000937967
0.000849751
0.0012702
0.000746362
0.000848223
0.000796657
0.00112411
0.000753619
0.000766707
0.000833063
0.00220685
0.0007613
0.000917369
0.00105254
0.000734354
0.000793326
0.000930683
0.000890782
0.00101471
0.000786133
0.000799972
0.000773678
0.000758353
0.00091114
0.000764565
0.000802549
0.000815738
0.000996538
0.000820407
0.00100208
0.000925672
0.00231227
0.000750753
0.000749906
0.000742272
0.000839395
0.000946228
0.000786207
0.00109939
0.00154877
0.000783869
0.0025175
0.000774246
0.00116468
0.000844485
0.00105762
0.000752715
0.000860771
0.00093443
0.0010191
0.00102752
0.000851878
0.000776073
0.000743219
0.000845757
0.00103419
0.000824595
0.000772561
0.000753273
0.000800243
0.000823639
0.000921539
0.000801556
0.000868162
0.000779679
0.00131058
0.000779572
0.0011363
0.000749493
0.000797106
0.00113131
0.000886433
0.000738745
0.00136239
0.000806972
0.00238617
0.00100843
0.000748597
0.000816891
0.000896265
0.000947317
0.000783893
0.000935992
0.00208686
0.000788611
0.00111212
0.00153623
0.000794459
0.000797762
0.000761448
0.000947304
0.000952411
0.000778552
0.000777746
0.000808862
0.000999742
0.00111372
0.000791421
0.00171172
0.00176195
0.000707517
0.000766106
0.000886802
0.000895526
0.00100706
0.000782312
0.000821057
0.000802919
0.000982029
0.000774933
0.000955203
0.00163026
0.0025174
0.00117556
0.000724282
0.000942369
0.000730092
0.00139356
0.000804138
0.000836396
0.000803346
0.00143857
0.0020976
0.000798487
0.00204977
0.000868217
0.00131202
0.000887286
0.00107306
0.000717204
0.000739995
0.000940634
0.00109984
0.000780371
0.00207768
0.000770548
0.000743413
0.000802777
0.000812387
0.000752465
0.00077476
0.000803233
0.00074313
0.000718169
0.000729679
0.000774896
0.00111264
0.00100782
0.00079399
0.000801172
0.00108017
0.00134324
0.00129564
0.00081095
0.00157041
0.000826946
0.000859523
0.00206124
0.000778238
0.000869795
0.00139462
0.000808346
0.000780446
0.000730115
0.000782918
0.000995998
0.00117034
0.00079111
0.0007613
0.000810277
0.000779553
0.000750936
0.00367591
0.000863313
0.00110336
0.000821475
0.000784984
0.00079969
0.000884242
0.000736437
0.00263609
0.000766511
0.000801861
0.000841436
0.000831864
0.000834105
0.000753854
0.0016148
0.00238931
0.000751524
0.000762539
0.00209335
0.00157698
0.00079551
0.000810399
0.000800516
0.000893641
0.000789574
0.00184666
0.000736013
0.000811866
0.000831246
0.000956864
0.000897838
0.000729049
0.000740185
0.000796215
0.000771475
0.000887973
0.00106123
0.00247656
0.00103046
0.000762381
0.000770305
0.000710737
0.000829058
0.000810421
0.000970703
0.000769028
0.00110855
0.00201927
0.000757558
0.00107448
0.000789954
0.000813482
0.00227494
0.000789089
0.000780914
0.00118439
0.00099399
0.000795548
0.000811557
0.000973892
0.000913946
0.000828
0.000871969
0.000800906
0.00208198
0.00074423
0.000811995
0.00227888
0.00135668
0.00363084
0.00119173
0.000735119
0.000830816
0.00105443
0.00290849
0.000718314
0.000788667
0.000828058
0.00137076
0.0008824
0.000776786
0.00171993
0.000963047
0.000769652
0.000791525
0.00116538
0.00100208
0.000808214
0.000774208
0.00133414
0.000766133
0.000945763
0.000775816
0.00112907
0.000770002
0.00242203
0.000753369
0.00105123
0.000790199
0.000833719
0.000770099
0.00112696
0.000783621
0.000939881
0.000823146
0.000915767
0.000832719
0.000823417
0.00076484
0.00138828
0.000793603
0.00113225
0.000754124
0.00170415
0.000823477
0.000769753
0.000818453
0.00079606
0.00207396
0.000759079
0.00080705
0.000722987
0.000844976
0.00131825
0.00122495
0.000759804
0.000737007
0.000794017
0.000769825
0.000789463
0.000751921
0.000793979
0.000819457
0.000831899
0.000837514
0.000811463
0.000800629
0.00076623
0.00130451
0.00093029
0.000777781
0.000811468
0.000771451
0.000800822
0.000794843
0.000738344
0.00075847
0.00251561
0.00217189
0.000836814
0.00133873
0.00112983
0.00131231
0.00128153
0.000833369
0.00120025
0.00078659
0.00162949
0.000738031
0.000761906
0.000750068
0.000981173
0.000817667
0.000735439
0.000946759
0.00297024
0.00281158
0.000811328
0.00205774
0.00086012
0.000711794
0.000729011
0.000875035
0.000796251
0.000976318
0.00115723
0.00086392
0.00105548
0.000973674
0.000740241
0.00147782
0.000707095
0.000708471
0.000794828
0.000928133
0.00161888
0.000803302
0.00084626
0.000741425
0.000796697
0.00125549
0.000754134
0.000818025
0.000755241
0.00173399
0.000814502
0.00109933
0.000893161
0.000782094
0.000868306
0.000763746
0.00077083
0.000772916
0.000801922
0.00111635
0.00080231
0.000996764
0.000878362
0.000810812
0.00158928
0.000902619
0.000851258
0.000746923
0.000772669
0.000874278
0.000787095
0.000772815
0.000806004
0.000864379
0.000849966
0.000800697
0.000795622
0.000737994
0.000833336
0.00137186
0.00114622
0.000739663
0.000776303
0.00250728
0.000731655
0.00110456
0.000796378
0.000736449
0.000787869
0.000744582
0.000724875
0.00077466
0.000826773
