6.08695
0.777606
16.1415
1.95711
5.11202
0.584122
3.04291
0.350338
13.8526
1.96107
12.3347
1.81427
19.1763
2.52186
13.4907
1.79028
7.15552
0.876947
17.3275
2.38976
10.8662
1.46206
10.618
1.47012
15.9459
2.15787
17.1795
2.2401
10.381
1.40529
18.2654
2.37356
5.48195
0.645123
13.4678
1.703
16.139
2.12131
18.5225
2.53842
7.18024
0.881547
13.3793
1.68937
7.64322
1.09864
16.0296
2.37003
4.56025
0.548433
6.06365
0.888674
5.33539
0.580451
13.5568
1.6819
17.0397
2.34992
9.17165
1.03797
5.4599
0.683803
16.1989
2.29989
6.50374
0.810434
14.0898
1.9431
19.5761
2.79667
17.2386
2.25258
8.24855
1.11286
8.12036
1.02657
8.16095
1.00518
14.0334
1.85914
6.89404
0.856701
13.4371
1.68804
12.9578
1.72478
11.7143
1.5155
11.8077
1.76101
14.5279
1.91692
7.19204
0.990838
16.9974
2.25008
15.4378
2.19349
5.38259
0.615749
13.772
1.63297
11.128
1.60744
5.70241
0.650339
14.1646
1.9663
16.5664
2.18568
17.109
2.30463
11.9819
1.63751
12.7627
1.63255
9.95519
1.39936
11.9752
1.61624
13.3977
1.91612
14.6018
2.1658
6.83401
0.815668
15.7679
2.24577
8.93257
1.18303
8.37917
1.16832
13.6047
1.89684
13.4548
1.6963
8.90233
1.07848
12.2884
1.76949
12.3615
1.63434
10.6722
1.24829
4.14811
0.581869
9.28031
1.25662
15.0601
2.03876
21.7265
2.73255
17.9789
2.32504
9.3445
1.02319
14.6222
1.75033
12.9704
1.7107
14.7066
1.82625
14.1487
2.0164
9.21974
1.14844
12.978
1.70611
7.17453
0.85924
15.9547
2.19595
10.2437
1.28632
13.5873
1.54232
16.5017
2.16427
10.4059
1.38444
3.12288
0.383153
10.9249
1.31539
13.8571
1.88604
13.4999
1.87803
7.66185
1.0302
6.13353
0.849432
12.5939
1.61333
18.6105
2.32845
8.13041
1.02315
21.5689
2.72467
20.2494
2.68839
19.8199
2.52204
12.3083
1.3955
1.96054
0.213068
12.7277
1.72153
14.6704
2.12385
8.82601
1.08313
8.85712
1.13647
16.3793
2.09442
8.97919
1.11923
15.5624
1.97409
6.5525
0.948651
10.8269
1.26684
12.7791
1.63458
5.14838
0.588752
12.3961
1.55337
16.1554
2.07028
10.8019
1.33778
12.5932
1.67121
10.688
1.32968
9.28851
1.04705
19.4731
2.59975
4.13311
0.58218
7.37081
0.924272
6.64734
0.795485
3.79255
0.488157
5.31975
0.672665
9.08499
1.13813
6.19821
0.752585
9.99407
1.32902
15.4651
2.13974
12.2835
1.49903
15.1956
2.08517
17.8547
2.46047
5.76389
0.697984
16.9814
2.43447
19.5873
2.61393
10.456
1.3663
11.0299
1.27032
10.973
1.28784
14.8456
2.07138
14.6614
1.98282
14.0601
1.90072
12.7826
1.92738
10.9285
1.383
11.8733
1.67028
13.7888
1.68527
13.2146
1.83148
15.1453
1.86461
3.6832
0.441881
8.0948
1.10754
13.1993
1.72414
20.0168
2.5732
5.94507
0.791861
8.59272
1.05257
11.3341
1.33617
16.6003
2.34042
16.2194
2.17511
12.9923
1.83261
12.6819
1.66905
11.8177
1.42969
6.59446
0.715358
7.92651
0.938661
13.6817
1.74205
9.79362
1.23017
11.1819
1.52206
11.1719
1.65422
17.3787
2.58157
8.09313
1.0863
5.12283
0.591454
3.50502
0.422995
16.2273
2.30674
12.888
1.67927
7.57617
0.852891
16.8204
2.34952
21.492
2.9283
12.566
1.58897
16.3272
2.1042
10.33
1.31986
17.4298
2.4097
19.7352
2.88328
12.2119
1.55825
17.2389
2.26127
9.39181
1.19556
19.8686
2.91479
6.88016
0.903859
18.5189
2.53164
7.49314
0.964494
7.612
1.02632
8.51439
1.19658
15.0148
1.96145
11.3299
1.38201
17.6028
2.30934
6.31377
0.902671
10.449
1.30478
14.4711
2.01867
8.23567
1.1498
15.6994
2.16493
13.016
1.75845
10.0901
1.2194
12.1079
1.59876
14.7569
1.88696
14.0153
1.91294
10.7706
1.44557
10.1804
1.2013
3.92801
0.463313
4.95202
0.567483
2.75286
0.314851
12.8657
1.5514
19.0895
2.58398
11.2621
1.29654
10.5017
1.3392
6.3005
0.889246
9.72807
1.4454
6.05982
0.789289
15.5635
2.29103
15.2963
2.04862
16.9758
2.09525
13.1787
1.68396
14.1999
1.72879
4.18982
0.54008
10.7507
1.41893
10.9978
1.39239
15.3856
1.95631
9.40313
1.21748
7.77784
1.05239
15.4678
2.25206
12.9877
1.67301
15.1354
1.97254
8.72483
1.12308
12.6533
1.75706
17.9814
2.1433
10.0333
1.26708
12.8925
1.57178
6.34002
0.824704
10.0705
1.41037
13.2294
1.64886
18.345
2.76095
11.3433
1.39049
13.7373
1.74078
15.5624
2.00267
12.6089
1.75769
13.9863
1.85791
11.1776
1.45421
14.1029
2.02989
17.0082
2.37327
6.12868
0.810798
10.7554
1.47573
17.6913
2.23215
16.0059
2.18885
18.2611
2.84748
12.9258
1.53536
17.6813
2.34352
10.3658
1.46258
13.6848
1.84173
13.6462
1.77444
18.857
2.59291
7.14143
0.892316
17.4677
2.22729
3.47905
0.357186
8.09905
0.958733
18.1729
2.63465
6.25182
0.869877
7.23877
0.891406
15.3381
2.04418
5.89708
0.845725
10.6065
1.39116
11.1746
1.53989
14.1473
1.80363
19.549
2.59175
18.976
2.42189
10.7117
1.29829
17.9362
2.58071
16.6312
2.09073
19.3584
2.68677
11.9872
1.57174
14.3135
2.10731
5.66568
0.665486
11.6059
1.50419
7.18941
0.8182
8.7982
1.2544
11.3048
1.58946
14.2806
1.83941
5.25783
0.725728
14.7861
1.78128
14.5538
1.88904
11.1053
1.41879
15.4325
2.16043
12.3702
1.82885
11.6258
1.63653
14.1303
1.7389
10.339
1.42535
12.9541
1.76513
10.4459
1.29092
9.89418
1.09556
12.8782
1.6927
13.8627
1.74209
15.8534
2.10692
5.3448
0.607955
13.1159
1.63557
13.2167
1.74467
5.41762
0.67095
11.6401
1.52074
5.42676
0.604367
4.25609
0.486424
9.10032
1.156
12.5009
1.61651
7.18439
0.887599
12.827
1.74079
8.22109
1.02505
10.5046
1.49994
9.43408
1.22901
7.22045
0.855043
6.84351
0.940023
8.38369
1.08841
13.7153
1.88003
3.25949
0.370275
12.574
1.58242
9.7431
1.44953
20.2351
2.7561
8.92953
1.20276
6.68552
0.91452
6.17917
0.740909
11.921
1.62536
9.15486
1.17779
18.3031
2.67879
11.0259
1.47634
6.79033
0.882425
11.6264
1.38312
19.5686
2.87932
12.2293
1.6976
19.7092
2.47207
12.1253
1.70939
16.8909
2.4403
8.58297
1.15
4.32333
0.536268
12.6029
1.72263
18.1088
2.12546
8.0446
1.13098
11.1574
1.48796
16.2061
1.96948
20.1839
2.70046
10.4772
1.4009
10.6349
1.37592
7.84745
0.938884
4.09071
0.45735
19.743
2.81663
7.44262
0.949469
8.67448
1.06724
17.9106
2.21949
13.0258
1.85182
9.38214
1.22569
13.57
1.88067
16.7899
2.17618
13.2286
1.8825
14.2387
1.73309
11.0409
1.61214
14.1304
1.93164
18.4592
2.46676
10.7894
1.36108
13.3344
1.78937
7.82648
1.07598
9.96489
1.27856
15.9454
2.12681
9.4925
1.21283
13.89
1.96505
4.3332
0.479121
17.9964
2.26723
16.1296
2.10925
15.3973
2.03443
20.0174
2.58249
12.0289
1.66804
13.8609
1.77976
1.76848
0.169768
14.8746
2.13851
16.746
2.36914
14.8459
1.93313
17.954
2.55415
14.3465
1.87187
18.2041
2.49334
7.8746
1.04755
3.31743
0.423725
14.9794
2.0441
10.4024
1.14858
10.6278
1.28061
12.5938
1.79782
9.14626
1.17223
8.69488
1.16067
7.69497
0.943471
8.76834
1.23429
1.42006
0.160121
4.27498
0.49494
6.1593
0.734765
13.7488
1.88052
6.06097
0.818813
12.0512
1.46859
17.3558
2.33884
6.67385
0.838142
11.8747
1.46496
12.5901
1.59296
11.1798
1.33032
16.7075
2.28977
16.5215
2.20766
6.46869
0.758023
16.3578
2.05327
14.1401
1.96202
13.4498
1.79276
4.12515
0.515891
6.80524
0.845575
13.9788
1.76217
3.45573
0.368563
11.0363
1.40086
9.98506
1.15807
9.76643
1.3295
4.55856
0.580715
8.81736
1.16378
5.83642
0.83735
9.89697
1.20978
11.7468
1.52149
9.34892
1.23342
15.7454
2.11366
2.64739
0.304157
19.0188
2.36421
9.16323
1.14384
7.37858
1.00434
11.1838
1.27091
18.1746
2.51359
4.42211
0.56944
14.4552
1.97442
19.8094
2.5776
13.7895
1.83191
8.02358
1.083
8.21849
1.14069
21.1403
2.8928
13.5663
1.89197
6.36153
0.90138
12.856
1.99329
17.6286
2.43976
9.45264
1.16136
14.002
1.67856
11.3128
1.35135
11.0783
1.56637
11.1322
1.40959
11.8495
1.39687
14.7581
1.77466
16.8055
2.0727
16.8618
2.40152
7.53841
1.06994
13.5169
1.75633
16.9656
2.42423
6.54053
0.883771
18.5359
2.56569
12.0619
1.74987
18.0458
2.4279
3.24022
0.399147
18.5948
2.55778
3.1868
0.377355
12.7028
1.60554
11.4355
1.49478
16.7156
2.39069
7.33565
0.968233
18.3297
2.84039
20.1941
2.53097
7.41084
0.975147
18.2544
2.36299
13.175
1.80948
10.5413
1.33286
5.90675
0.83063
10.2434
1.35018
13.0814
1.86767
12.2462
1.45092
5.57992
0.649101
12.0582
1.63098
13.4052
1.90204
17.6006
2.30042
18.0783
2.47578
13.3076
1.67734
5.98426
0.679463
10.906
1.4639
10.9614
1.55739
15.0425
1.84052
16.611
2.283
11.5901
1.44964
7.1408
0.87148
9.57942
1.46309
4.96231
0.619931
15.6748
2.20313
15.9197
2.07956
17.9609
2.32233
4.04011
0.494151
14.543
2.13029
6.21376
0.670711
13.3752
1.96222
5.1719
0.608276
14.4207
1.84017
9.72485
1.4137
12.0276
1.39702
10.3037
1.41746
6.17301
0.722435
12.9583
1.64166
10.7763
1.24363
14.3951
1.83894
16.3972
2.41989
11.7638
1.52984
8.99939
1.25206
5.20442
0.621991
12.4715
1.61222
6.62043
0.838714
5.56446
0.68797
13.9504
2.05064
20.7145
2.88721
11.5171
1.66918
13.9965
1.88115
18.7632
2.42539
14.1235
1.93317
14.3922
1.97705
13.1322
1.74694
20.6617
2.91717
8.86008
1.14893
8.3553
0.975782
16.808
2.37941
18.1582
2.38525
15.5616
2.18565
9.69265
1.13788
14.872
1.94516
11.7524
1.64794
13.4409
1.99195
4.4477
0.603241
11.0311
1.38788
15.6914
2.36146
13.2493
1.78249
18.2878
2.30162
15.3481
1.98907
12.8357
1.64408
11.9127
1.50055
14.7666
2.11573
14.2323
1.72255
15.8597
1.94267
17.0991
2.17022
18.1355
2.51294
4.38218
0.484186
15.7276
1.90302
13.5617
1.91111
8.32054
1.00939
18.5447
2.31224
10.9172
1.53362
6.4109
0.686825
15.7607
2.02283
4.52108
0.610624
14.2403
1.74907
10.0215
1.12136
11.3795
1.3882
7.01083
0.97363
13.4233
2.04935
13.0289
1.7174
16.3439
2.33443
6.75297
0.919862
7.9973
1.08967
3.38155
0.43012
4.33457
0.538332
12.6549
1.71294
14.6326
2.08835
17.6345
2.33524
11.4979
1.51983
9.28764
1.17661
10.2466
1.31663
12.1323
1.64102
10.2659
1.38156
8.01724
0.908035
14.7243
2.09502
12.68
1.82114
7.31974
0.858505
17.7391
2.381
15.2753
1.95042
9.70368
1.10081
11.156
1.62811
11.692
1.59947
12.6348
1.6458
14.5026
1.83098
21.1741
2.88616
4.61732
0.624934
16.5637
2.35753
14.6815
1.97291
9.61712
1.2445
5.98967
0.749564
7.71767
0.883994
16.8023
2.45289
8.17824
0.994382
5.67813
0.666433
14.6084
2.24629
5.72304
0.653283
10.1897
1.44505
4.88362
0.601056
8.9876
1.18114
9.16265
1.26653
7.80064
0.96104
15.8403
2.03605
19.9954
2.87595
11.01
1.41328
17.8439
2.36037
10.4151
1.2857
13.6227
1.89957
14.3437
1.99784
17.8857
2.75854
10.1832
1.44669
8.42872
0.9774
4.73949
0.512886
16.8736
2.27206
17.3033
2.28475
15.5683
2.13836
3.14047
0.387263
15.798
2.08937
4.26353
0.484522
13.5267
1.80956
12.796
1.84494
12.5891
1.85266
16.2031
2.21724
8.80028
1.21478
18.5025
2.7455
16.1706
2.36515
16.5969
2.32894
9.91888
1.33736
12.5894
1.68296
10.86
1.30492
10.7827
1.41739
11.4577
1.51886
12.2349
1.64521
6.05802
0.676244
10.1941
1.29365
14.7269
1.95474
13.6086
1.72637
8.69005
1.16833
13.3969
1.78172
5.97681
0.679483
7.0149
0.881109
9.90476
1.32099
14.2497
1.80503
14.2421
1.80181
16.3135
2.23344
7.10737
1.04672
13.2045
1.6796
7.65945
1.09623
9.5194
1.26706
11.3333
1.44268
14.2003
1.88022
21.5308
2.70203
20.1101
2.72082
8.60199
1.09864
5.44514
0.719814
5.54758
0.733362
4.43204
0.55793
6.57705
0.760118
11.8243
1.51663
5.41294
0.605569
7.67469
0.920448
8.10245
1.05883
18.8397
2.63786
5.5407
0.78613
17.3523
2.24374
12.1357
1.67131
12.7183
1.47786
4.50025
0.534508
6.11759
0.746611
10.3975
1.3571
17.7523
2.67522
9.99996
1.15766
14.9251
1.91785
10.6366
1.22695
17.1106
2.06992
7.30498
0.883608
3.21609
0.378147
15.7185
2.18865
12.6084
1.67085
3.01937
0.397603
17.9876
2.55301
6.50271
0.804988
14.0708
1.77401
9.3574
1.10863
12.2722
1.61219
18.2238
2.29954
18.4225
2.53057
8.41132
1.08744
7.77285
1.05114
15.5994
1.96499
5.82658
0.800286
17.0803
2.34553
15.2079
1.80994
6.9261
0.91636
8.08231
1.11875
14.3215
2.04528
5.43801
0.657271
9.85708
1.29365
19.6442
2.70475
15.1078
2.10814
10.1013
1.48055
7.65393
0.981708
20.3386
2.42786
11.6087
1.65179
5.11498
0.642933
10.303
1.19324
17.0562
2.3786
15.5809
1.85742
4.94673
0.56677
9.62081
1.29867
11.0286
1.4374
4.00293
0.523549
6.22774
0.804805
4.11118
0.430192
15.8909
2.39585
15.0127
2.10015
14.4713
1.86284
13.384
1.6105
6.31901
0.807785
8.07588
0.980732
10.3921
1.24465
16.6842
2.31116
6.41359
0.952597
14.5862
2.08306
6.08955
0.708323
12.0745
1.47035
7.53948
0.860545
11.4453
1.48104
16.7613
2.1828
8.93706
1.30556
8.26554
0.909294
12.1144
1.65793
12.4482
1.74295
8.37822
0.938528
11.233
1.47168
15.5551
2.05452
9.74165
1.22721
11.6435
1.59852
6.81754
0.877762
10.8888
1.34597
8.98246
1.24593
17.7456
2.19927
18.481
2.71634
12.2841
1.53044
8.98328
1.26579
15.1355
1.92349
14.1951
1.90985
3.22197
0.384916
15.6032
2.08523
20.2113
2.58834
18.2601
2.37955
17.8184
2.6012
9.10596
1.18062
11.7948
1.51211
11.2731
1.40651
8.88443
1.03113
18.521
2.52079
18.9507
2.64886
7.64174
1.05918
15.7918
2.12122
14.0982
1.96689
14.4044
1.72135
12.7011
1.94742
21.1813
2.81551
8.39279
1.11824
7.7277
0.905905
14.2909
1.88602
13.8641
1.75367
17.4337
2.23111
9.57414
1.27383
10.5987
1.55703
14.0556
1.68219
14.9891
2.05494
15.3007
1.88929
13.4605
1.92173
9.41275
1.1799
20.7472
2.73807
18.2788
2.33162
6.16637
0.821741
5.15193
0.621111
7.29433
0.927683
13.4828
1.69905
1.40206
0.144847
10.4045
1.28007
12.1441
1.64091
15.3356
2.39448
12.7889
1.84834
13.6617
1.85243
7.04893
0.812085
11.2972
1.60232
19.505
2.61401
6.66709
0.800303
4.00965
0.472399
15.9324
2.27457
11.6098
1.66703
15.5188
2.12859
16.0941
2.36033
10.7338
1.28192
8.86494
1.18529
9.10351
1.09352
12.4978
1.60552
2.65208
0.329349
9.1938
1.15416
15.9349
2.13009
11.7185
1.48686
2.90879
0.373965
17.6892
2.41204
3.76917
0.498903
14.5063
1.9041
7.17074
0.915291
6.68901
0.842416
14.9246
1.96864
8.74763
1.32279
9.89258
1.29544
14.1543
1.93549
4.69627
0.554815
10.9445
1.44996
17.2345
2.31624
14.6292
1.85277
16.1611
2.36263
13.1854
1.87248
16.5779
2.2053
3.57886
0.433425
9.07064
1.22517
13.9695
1.81355
5.87838
0.768366
10.5449
1.34477
14.0441
1.859
11.5242
1.5157
5.3883
0.68369
7.1914
0.972329
6.71533
0.75024
10.3723
1.47559
16.5039
2.07091
12.3039
1.57081
8.48155
0.994264
14.2115
1.94638
16.8467
2.3955
13.3201
1.81574
9.37257
1.19737
14.9679
2.07393
6.83672
0.815601
17.1845
2.44929
2.73566
0.340586
11.7458
1.63217
11.9718
1.40236
11.6096
1.42288
15.679
2.15139
9.84588
1.38141
6.14045
0.782847
11.3695
1.52821
9.90826
1.34281
21.1808
2.61428
19.3154
2.74322
3.52465
0.399325
7.97119
1.07656
8.49629
0.984379
4.86259
0.618863
17.9721
2.40543
16.5125
2.18979
4.85325
0.580601
16.9593
2.32627
7.25009
0.816902
15.4235
2.09422
14.219
1.9354
6.4701
0.8996
18.1156
2.47178
11.3609
1.48542
3.70022
0.439946
4.58665
0.635548
10.8543
1.44293
16.2209
2.16818
6.04288
0.74437
16.7604
2.1642
15.3458
2.13513
13.4696
1.64634
7.37766
1.01026
11.498
1.51186
6.36287
0.767181
8.10861
1.06989
15.8301
2.08947
12.7945
1.56241
12.4451
1.47579
9.44725
1.21182
12.2416
1.66536
10.5024
1.40811
9.2154
1.25657
4.04979
0.510304
3.6227
0.391789
16.5066
2.4686
14.8841
2.12594
4.74711
0.602562
8.70717
1.16745
12.0263
1.62004
8.65549
1.02734
15.6255
1.97371
10.3778
1.32163
9.16686
1.08686
3.60555
0.397088
11.6376
1.46623
19.6816
2.9341
2.78134
0.341439
15.1646
2.05114
19.1198
2.62169
13.1894
1.75941
13.882
1.91188
16.0859
2.24935
14.5855
2.10843
5.64323
0.792145
6.06218
0.770388
14.7388
2.19196
8.41487
1.13372
6.98114
0.831157
12.9885
1.8553
6.37463
0.755025
13.3769
1.71967
10.3673
1.37747
16.0582
2.41612
9.80768
1.36596
10.7118
1.34048
8.53847
1.1821
18.8018
2.31666
8.00199
0.963068
8.5224
1.2214
9.88131
1.26676
10.4346
1.53867
12.364
1.55881
14.0156
1.9791
5.61926
0.648204
19.4499
2.76925
6.0894
0.638903
10.5191
1.38057
11.0612
1.40145
4.3244
0.555182
4.24322
0.601527
13.804
1.81093
15.8601
2.14935
17.467
2.34312
10.4633
1.50602
15.9026
2.07837
5.95176
0.720416
17.4977
2.16099
4.52015
0.51843
16.3174
2.16786
11.4372
1.72778
6.99229
0.905331
17.255
2.20225
3.24234
0.383603
14.0247
1.83286
16.6631
2.39547
10.5854
1.3729
19.3903
2.69045
18.4695
2.62156
17.2899
2.19729
19.3742
2.50718
11.2479
1.31388
18.5732
2.48324
8.8966
1.14623
9.64831
1.25837
12.2082
1.66939
5.32727
0.632033
13.3066
1.85749
7.41665
0.873382
4.85992
0.547949
10.3014
1.40283
4.92336
0.653497
13.8934
1.77758
7.61912
0.966559
15.9457
2.19035
8.90233
1.06983
16.7709
2.26929
6.19761
0.747654
5.89781
0.807264
7.396
1.07525
14.1121
1.83825
11.6442
1.50936
17.1842
2.34422
8.54446
1.2412
17.5017
2.41462
11.2425
1.35008
20.2108
2.77064
11.8082
1.46202
8.51635
1.10331
15.5434
2.0132
15.0421
2.15785
8.64824
1.14625
11.271
1.3022
14.8113
1.83413
18.8891
2.43801
11.991
1.42073
8.02994
1.03936
15.7504
2.18289
7.9998
1.04891
8.36892
1.08047
10.5542
1.36734
9.03173
1.07256
8.91322
1.16562
20.7023
2.89303
15.0367
1.98061
13.8659
1.6625
3.00866
0.32797
19.4187
2.65187
8.41514
1.09718
4.34382
0.51871
15.8101
2.07522
9.49353
1.11435
