0.000945184
0.00139539
0.000767938
0.00131213
0.00111605
0.00121465
0.000919567
0.00128786
0.000726721
0.000870022
0.000942126
0.000921264
0.000554542
0.000684362
0.000974785
0.00117933
0.00120071
0.00127446
0.000547479
0.000928616
0.000972826
0.000954027
0.00125495
0.000797883
0.000632647
0.000720044
0.000763132
0.000813628
0.000920387
0.000950192
0.000828647
0.000950578
0.000887361
0.000842514
0.00102515
0.00127784
0.000817878
0.000821197
0.00120303
0.000495546
0.000782007
0.00102066
0.000599838
0.000533083
0.000901505
0.00134303
0.00107483
0.000972514
0.00120511
0.000554449
0.000758657
0.000953161
0.00131225
0.000659491
0.000952001
0.000484749
0.00121803
0.000753415
0.000931604
0.000832852
0.00116382
0.000981303
0.000945975
0.000904569
0.00097696
0.00123934
0.0015248
0.00137256
0.00079169
0.00109345
0.000914986
0.000785758
0.000849957
0.000773308
0.00197284
0.00105981
0.000915438
0.00119185
0.000666338
0.000965518
0.00125529
0.000896081
0.000807246
0.00073222
0.00103023
0.000761103
0.00093121
0.00136891
0.00189638
0.000758406
0.000831453
0.000870192
0.000819695
0.000950192
0.0007162
0.000965293
0.000757807
0.000875241
0.000804965
0.000871331
0.000855987
0.00106055
0.000584136
0.00143988
0.000841945
0.000606082
0.00063916
0.000951549
0.00100103
0.00070169
0.00050356
0.00132499
0.00092129
0.00122168
0.000732303
0.00176953
0.000797871
0.000576747
0.000520564
0.000826208
0.000860459
0.000981022
0.00134779
0.00155835
0.000769755
0.000884586
0.00120869
0.00138078
0.000825495
0.00111427
0.000892687
0.000826332
0.000713017
0.000840391
0.000951683
0.000824289
0.000818687
0.00142646
0.00106406
0.000895747
0.0011874
0.00124827
0.000817636
0.00123174
0.000982044
0.000992686
0.000967536
0.000531637
0.0011546
0.00134586
0.000857986
0.00123636
0.000942898
0.00120283
0.000934524
0.000847385
0.00105267
0.00126289
0.000551202
0.00122502
0.000995801
0.000956442
0.00123991
0.00120265
0.000864643
0.0015566
0.000850127
0.000680548
0.000926696
0.00115287
0.000778883
0.000864813
0.000889537
0.000783529
0.00080135
0.000488404
0.000807233
0.000806821
0.000692745
0.00126403
0.00213846
0.00064197
0.000874106
0.00124361
0.000860933
0.00130134
0.00125626
0.00129373
0.00107483
0.000888761
0.000835581
0.00119281
0.00131109
0.000951446
0.000755333
0.00120279
0.000923742
0.000866046
0.00132834
0.000861166
0.00124111
0.00109137
0.000873671
0.00104907
0.000896816
0.000850543
0.000956767
0.000617305
0.000757807
0.000919567
0.000837081
0.000902001
0.000906893
0.0010093
0.000704344
0.00189058
0.000773308
0.000879902
0.00114738
0.000923049
0.00086613
0.00142148
0.000886561
0.000731222
0.000577053
0.000586507
0.00125311
0.00081578
0.00129029
0.000759913
0.000726916
0.00118198
0.00123042
0.00081528
0.000780602
0.000823358
0.000985978
0.00117901
0.0011522
0.000707736
0.00107249
0.00134043
0.000825538
0.00101865
0.000863994
0.000918469
0.00208718
0.000775374
0.00070169
0.00163337
0.00115578
0.00125021
0.000919567
0.00106292
0.000982648
0.00192935
0.000537181
0.000814111
0.000735539
0.00120227
0.000850518
0.00099645
0.000767075
0.00122477
0.00178448
0.00134033
0.000739998
0.000749292
0.00151183
0.0021031
0.00130868
0.000807178
0.000482586
0.000867925
0.00081219
0.000722238
0.000928493
0.00101949
0.00124745
0.000909624
0.000831362
0.000802176
0.000820292
0.000841283
0.000803522
0.000841491
0.000851841
0.000898368
0.000543998
0.00128934
0.00126598
0.000837253
0.00124083
0.000932665
0.000779411
0.00147277
0.000782094
0.000807071
0.000722182
0.00105307
0.00080631
0.000676607
0.00143087
0.00121577
0.000949035
0.00167553
0.00118973
0.000601105
0.000691352
0.00113905
0.00123543
0.000982862
0.000920784
0.000888417
0.000529288
0.000933954
0.000738242
0.00130909
0.00101714
0.00117927
0.00157692
0.000918589
0.00116774
0.00119539
0.000579811
0.00104592
0.000932672
0.00130252
0.000719584
0.000759371
0.00117305
0.000761567
0.000784069
0.000981536
0.00124774
0.000627002
0.000766799
0.00123446
0.000952256
0.000812204
0.0013896
0.000898096
0.000923588
0.000789625
0.000514176
0.000837933
0.00128261
0.000861535
0.00110695
0.000771282
0.0011825
0.000777665
0.00119672
0.00127277
0.000665004
0.000985865
0.000981536
0.000830418
0.000778091
0.000763873
0.00131832
0.00119904
0.000870931
0.000749142
0.000820836
0.000760057
0.00082936
0.00086512
0.000996805
0.000752839
0.000755604
0.000849217
0.00095133
0.000689739
0.000776075
0.000645112
0.000849138
0.000762246
0.00147869
0.000768449
0.000563728
0.000792
0.000765376
0.000753415
0.000584433
0.000927076
0.000793118
0.000801351
0.000626878
0.000899188
0.000817153
0.000772366
0.00101833
0.000766665
0.00127657
0.00139549
0.00120021
0.000765443
0.000994689
0.000967924
0.001124
0.00148503
0.0012411
0.00264804
0.000794486
0.0011371
0.000922027
0.00112477
0.00112068
0.000804238
0.000995168
0.00113152
0.00079312
0.00133064
0.0013827
0.000707736
0.00100292
0.00120895
0.000952464
0.00060546
0.00122779
0.000956744
0.000772364
0.000660976
0.000801474
0.00118701
0.00102326
0.000923253
0.000823827
0.00094984
0.000824791
0.000843807
0.000812579
0.00132315
0.000911606
0.000703565
0.00135637
0.000777674
0.000848369
0.000752891
0.000915173
0.000556475
0.000696288
0.00079311
0.000745872
0.00121409
0.00121386
0.00129812
0.0012622
0.0012579
0.000801903
0.00074729
0.000685745
0.00149203
0.000971007
0.000728465
0.00075262
0.000820032
0.00102634
0.000838199
0.000875388
0.000918159
0.00132018
0.00091598
0.00127392
0.00127042
0.00114455
0.000844359
0.000549339
0.000926919
0.000817108
0.000754365
0.000911033
0.00104211
0.000704007
0.00121963
0.00117644
0.00131917
0.00142267
0.00121555
0.000700876
0.000885499
0.00182838
0.000824655
0.000941315
0.00117797
0.00118836
0.000637856
0.00120828
0.000577057
0.000950192
0.000846833
0.000597637
0.000882348
0.000584433
0.000878098
0.00140651
0.000875684
0.00127429
0.000749957
0.000836104
0.00078529
0.000768994
0.000827595
0.000971008
0.00132884
0.000791106
0.000993066
0.000725862
0.000916091
0.000776564
0.000950768
0.000859439
0.000687351
0.000977383
0.000917077
0.000767606
0.000797871
0.00137115
0.00119863
0.000853443
0.00126278
0.00123991
0.000788875
0.00095274
0.000855987
0.000821471
0.000665665
0.00125961
0.0013581
0.00119389
0.000800207
0.000730686
0.000636729
0.000913923
0.000787885
0.00102488
0.00210057
0.000662566
0.000714888
0.000797516
0.000782003
0.000946163
0.000906379
0.00122592
0.000769317
0.000733579
0.00126445
0.00122876
0.00124867
0.000781702
0.00147617
0.000921617
0.00110381
0.000946225
0.00118988
0.000536192
0.000535352
0.000995168
0.000691528
0.00101589
0.000492183
0.00128783
0.00075474
0.0124967
0.000748995
0.000747183
0.000839932
0.000888773
0.000945116
0.00082633
0.0011394
0.000650599
0.000546184
0.00110835
0.000863742
0.000969017
0.000789013
0.00173754
0.000981626
0.000971186
0.000792082
0.00100147
0.00128946
0.000952979
0.00111485
0.00111296
0.00127517
0.000999369
0.000969935
0.000478065
0.00118398
0.00119753
0.000858938
0.000788009
0.0013578
0.0009119
0.00132202
0.00124225
0.000775596
0.000491424
0.000810506
0.00132256
0.000985167
0.000579825
0.00128501
0.000745499
0.000756488
0.000531625
0.000768693
0.00160092
0.00123736
0.000847207
0.00119242
0.001233
0.000840297
0.00097522
0.00120571
0.00121348
0.00119383
0.000802386
0.000789235
0.000620243
0.00142674
0.00122634
0.000809361
0.00120117
0.00227233
0.00177421
0.00136082
0.00115751
0.00143377
0.000752621
0.000946326
0.00129507
0.000898224
0.000971041
0.00124288
0.000941442
0.00105788
0.000766665
0.00116229
0.00122541
0.000802922
0.00129104
0.000807653
0.00101949
0.00119917
0.00216729
0.000655245
0.000796913
0.00163439
0.000674709
0.000840736
0.000891616
0.00122122
0.00133968
0.000920063
0.000827356
0.000923109
0.000657252
0.00125928
0.000887872
0.000917986
0.000960059
0.000846172
0.000779878
0.00103642
0.000781769
0.00088027
0.000774699
0.000933553
0.0018927
0.00135998
0.000820054
0.000499663
0.000907281
0.00129134
0.000858881
0.00120041
0.00120155
0.000643997
0.000967016
0.000798688
0.00096005
0.000910045
0.000800539
0.00117397
0.00120041
0.000955108
0.00108805
0.00101958
0.000865043
0.00139247
0.00131677
0.00118467
0.000840876
0.000647705
0.000990488
0.000869189
0.00055675
0.000738553
0.000979761
0.000809949
0.000739246
0.000705095
0.000666033
0.000865715
0.000483824
0.00136532
0.00109991
0.000895871
0.000745848
0.00081217
0.000881794
0.00121535
0.000492183
0.000713188
0.000869378
0.00100234
0.000998122
0.00116476
0.000792714
0.000805864
0.000792795
0.000914585
0.00111677
0.000956957
0.000910508
0.000694475
0.00120056
0.00149793
0.000563728
0.000888972
0.000823291
0.00092266
0.000862283
0.000744379
0.000653218
0.000709818
0.00121482
0.000673677
0.00094867
0.000900539
0.000864103
0.0012478
0.000595901
0.00222343
0.00131053
0.00119407
0.000537948
0.000794975
0.00123619
0.00103696
0.000925821
0.000926265
0.000697888
0.000694841
0.000937329
0.000978402
0.00120053
0.00123516
0.000948563
0.00122789
0.000832395
0.000652221
0.000990998
0.000694352
0.000488404
0.00145209
0.000613764
0.000834554
0.000774038
0.000740503
0.00065848
0.000822816
0.00122585
0.00087603
0.000787233
0.000948036
0.000910198
0.0008162
0.00110651
0.00227213
0.00176322
0.00116586
0.000844269
0.000807333
0.00141641
0.000789013
0.000755964
0.00120977
0.000770089
0.000798602
0.00087662
0.00119685
0.0011546
0.000852083
0.00121836
0.000763775
0.000711757
0.000976137
0.000804185
0.000949401
0.00120242
0.000808508
0.0011133
0.000539133
0.000783391
0.00114918
0.000792878
0.000981914
0.00123558
0.000648097
0.00227957
0.000756757
0.000852983
0.00164587
0.000931146
0.00125293
0.000727737
0.000942352
0.000819462
0.000941944
0.00116251
0.000792082
0.00140893
0.00113782
0.000780526
0.00121186
0.000845567
0.000795057
0.000984261
0.00127523
0.000821909
0.000921769
0.000930622
0.00105609
0.000705591
0.000903996
0.00114735
0.00118482
0.00094904
0.000762878
0.000770592
0.00122028
0.000790703
0.00129057
0.000789246
0.00121008
0.00128467
0.00114764
0.000990903
0.00148425
0.000812737
0.00120148
0.000612184
0.00130553
0.00091759
0.00120794
0.000944834
0.00130304
0.00107356
0.00139143
0.00119085
0.000806031
0.00110482
0.000602612
0.00116855
0.00115166
0.00183571
0.00119177
0.00109749
0.000918543
0.000907602
0.000903311
0.00112748
0.000923389
0.000954366
0.000754969
0.000652855
0.00296259
0.00085386
0.00399689
0.00187908
0.000829858
0.00130227
0.000646544
0.00129563
0.000782896
0.00079864
0.000836127
0.000793674
0.00182172
0.000873554
0.000909219
0.000771077
0.000910242
0.00118798
0.00132583
0.00120915
0.000981536
0.000789028
0.00125792
0.00130572
0.000484749
0.00129082
0.00115671
0.00121531
0.000910508
0.000776518
0.000802657
0.00118155
0.00178769
0.00150985
0.00123862
0.00123306
0.000660545
0.000825439
0.000923491
0.00162375
0.000927723
0.00121702
0.00134355
0.000781575
0.000936251
0.000547479
0.000946163
0.00092509
0.000880141
0.000780122
0.000786212
0.000840043
0.000875052
0.000986321
0.00099154
0.000816823
0.000491451
0.00127874
0.00117673
0.000784582
0.000795146
0.00115028
0.00064105
0.00104885
0.000853634
0.000661161
0.00117679
0.000775586
0.0013042
0.000733767
0.000801717
0.000678804
0.00116137
0.00120865
0.00112763
0.000942408
0.00121001
0.00105473
0.0010995
0.0011864
0.00150819
0.000951542
0.0012802
0.000802386
0.000798646
0.000888711
0.00107892
0.00108501
0.000502822
0.000760963
0.00213967
0.000962312
0.00106178
0.000495721
0.0012044
0.000773794
0.00123504
0.000767485
0.00134725
0.000864813
0.00238048
0.000806497
0.00115582
0.000646303
0.000796064
0.00120363
0.000642216
0.000984158
0.000665665
0.000928037
0.00104392
0.000739246
0.0012027
0.00120145
0.00120863
0.00117974
0.000809149
0.000738927
0.000769408
