0.000952684
0.000748314
0.000832832
0.0010572
0.000724442
0.000915112
0.001115
0.00075935
0.00108319
0.00124698
0.000772989
0.00112538
0.00122242
0.00109432
0.00085148
0.000736598
0.00158586
0.00115753
0.00106036
0.000800455
0.00164159
0.000848814
0.000756693
0.000889027
0.00105405
0.00105932
0.0011361
0.000850519
0.00126857
0.0007729
0.000866139
0.00123817
0.00107722
0.000911169
0.000778842
0.00118355
0.00113573
0.00083406
0.000677819
0.000866342
0.000824364
0.000799338
0.00072354
0.000842426
0.00104357
0.00128783
0.000711102
0.000749347
0.00072668
0.000833324
0.000938186
0.000766915
0.000820257
0.000694299
0.00134838
0.00106779
0.000780074
0.00086009
0.000723246
0.00141744
0.000740444
0.000843983
0.00119068
0.000972331
0.00101718
0.00089102
0.000733704
0.00103286
0.000807994
0.00101716
0.000845256
0.000744259
0.000881111
0.001078
0.000941977
0.000760723
0.000802153
0.000806236
0.000972379
0.000895374
0.000792836
0.00127059
0.000900171
0.000916538
0.000745201
0.000756806
0.000878931
0.000838146
0.000736219
0.00088013
0.000727526
0.00108258
0.000830833
0.000729436
0.00084826
0.000824822
0.000882684
0.00243241
0.00203987
0.000875731
0.000959618
0.00107077
0.000845269
0.000772842
0.00104824
0.00118197
0.00132484
0.000879654
0.000940183
0.000874554
0.00073151
0.000848839
0.00237455
0.000921018
0.000791641
0.000864809
0.00089693
0.0017637
0.00177668
0.000856016
0.000715638
0.00184362
0.00085102
0.000911277
0.000863619
0.000967724
0.00118229
0.000849059
0.000958079
0.00101514
0.00097903
0.000856098
0.000793237
0.00146702
0.00119684
0.00151123
0.00114328
0.000862611
0.00130669
0.000972653
0.000841771
0.000936773
0.00106058
0.000810058
0.00073291
0.000982396
0.00103846
0.000698669
0.00101656
0.0010392
0.00108474
0.00135404
0.00165408
0.000882665
0.000762535
0.000828392
0.000719537
0.00100427
0.000735046
0.000900275
0.00135184
0.000777121
0.000968738
0.00076999
0.00135115
0.00083631
0.000779919
0.0008293
0.00079214
0.00120563
0.000741833
0.00206897
0.000751795
0.000708639
0.000766658
0.000732038
0.000913244
0.000999038
0.000871319
0.00151177
0.000917087
0.00099951
0.000713424
0.000775495
0.00127774
0.000829891
0.000912775
0.000712634
0.000922004
0.00153798
0.000783861
0.00133533
0.00314216
0.000860764
0.000818717
0.000762424
0.000836536
0.00232548
0.000763659
0.00098014
0.00113597
0.000877435
0.000910882
0.00528042
0.00114035
0.000698736
0.000960593
0.000835935
0.00112983
0.000737343
0.00125661
0.000828856
0.00115269
0.000716875
0.000833662
0.000799871
0.000728879
0.00107922
0.00113945
0.00384133
0.00124437
0.00086916
0.000797865
0.000838307
0.00118834
0.00111475
0.000762194
0.000967241
0.000737307
0.000951458
0.000906678
0.000769884
0.00101272
0.00108616
0.00159383
0.00148309
0.000792066
0.00075709
0.000909829
0.000884139
0.000767792
0.000845087
0.000921651
0.00071983
0.00087027
0.000713471
0.000792392
0.000734003
0.00113215
0.000967581
0.00104791
0.00136618
0.000999622
0.00126421
0.000789069
0.000789651
0.0012888
0.000702807
0.00084313
0.000904543
0.000899253
0.000873672
0.00126955
0.000838609
0.000817953
0.00109728
0.000849943
0.000791023
0.000783078
0.000724504
0.00136894
0.000898769
0.000850087
0.000816331
0.000777529
0.00118207
0.000807335
0.000809695
0.00100987
0.000901096
0.00167466
0.000850616
0.000685473
0.000906735
0.000725988
0.00103203
0.00123223
0.00104183
0.000969195
0.00146833
0.00110823
0.000974512
0.00123974
0.0011504
0.000906367
0.000762046
0.000911686
0.0010987
0.00111331
0.00110602
0.00092296
0.00104966
0.00119538
0.00167589
0.000975265
0.000900533
0.00389698
0.00126298
0.00105407
0.000875793
0.00114328
0.00100413
0.000832072
0.000865408
0.00142076
0.000804454
0.00114507
0.000988705
0.000858203
0.000862599
0.000955534
0.000760029
0.000734148
0.00106595
0.00103109
0.000886241
0.000739442
0.00147875
0.00117855
0.000927305
0.00083456
0.000874211
0.000822683
0.000729386
0.000736067
0.00306459
0.0010805
0.00136361
0.00101175
0.000776972
0.000764153
0.000747532
0.000775126
0.000966771
0.000866752
0.000960759
0.000853285
0.000721194
0.000828856
0.00115896
0.000717317
0.00230253
0.000820368
0.000848053
0.000913456
0.000892673
0.000919413
0.00101015
0.000701428
0.0012139
0.00119903
0.00103649
0.000932724
0.000701108
0.00137413
0.000926728
0.000845114
0.00288746
0.00104014
0.000830014
0.00112299
0.000895314
0.00107908
0.00113948
0.000810299
0.00113405
0.000858162
0.000748715
0.000799506
0.000736414
0.000954012
0.000892915
0.0013973
0.00127104
0.000762818
0.000815772
0.000910913
0.000841492
0.000899716
0.0010653
0.00103408
0.000748883
0.00081986
0.000700517
0.00097465
0.000744466
0.00102475
0.000787896
0.00186037
0.00166661
0.000792873
0.000790076
0.00075197
0.00122239
0.000848053
0.000872234
0.00125775
0.000795158
0.00217494
0.00106147
0.00134856
0.000769055
0.00121067
0.000887309
0.000904412
0.000739221
0.000708615
0.00233456
0.000799065
0.00094144
0.000827185
0.000913062
0.000880967
0.000834609
0.00125581
0.00073756
0.000819384
0.00114119
0.00126757
0.000982992
0.00114891
0.000912245
0.00117476
0.000746725
0.000879115
0.000724439
0.000807626
0.00103343
0.000956051
0.000835935
0.000862549
0.000996919
0.00121173
0.00111163
0.000820354
0.000851145
0.000783378
0.000937592
0.00100052
0.000872027
0.00101377
0.00117769
0.000870677
0.00205792
0.001139
0.00111498
0.00075525
0.00087456
0.00103109
0.000914677
0.00115201
0.00113663
0.000899116
0.00139511
0.0008517
0.000810403
0.0008843
0.000872006
0.000842507
0.000741767
0.00086949
0.000782079
0.00128655
0.00135214
0.000855968
0.000795699
0.000762823
0.00105196
0.000741809
0.000963613
0.000970834
0.00142112
0.000859932
0.000784538
0.000739853
0.00107281
0.00115817
0.000906849
0.00151554
0.000832926
0.000923847
0.00177841
0.00130415
0.000753901
0.000913807
0.000835978
0.000703274
0.00124869
0.00159994
0.00113049
0.00074116
0.00111654
0.00113021
0.00130223
0.000834769
0.000823481
0.00145822
0.000735758
0.000843624
0.000868054
0.00110215
0.000901323
0.00121438
0.000962976
0.000762919
0.00109468
0.00111679
0.00113125
0.000878035
0.000807324
0.000883457
0.00123486
0.00137897
0.000715588
0.000735071
0.00119289
0.00122862
0.000834745
0.000713648
0.000833808
0.000939879
0.00144848
0.000945026
0.00142172
0.000792413
0.000778238
0.000924422
0.000910913
0.000803203
0.000836681
0.000884895
0.000733365
0.00091465
0.00105065
0.00117008
0.000706078
0.00140036
0.000839919
0.000822238
0.000843979
0.00116959
0.000981329
0.00122851
0.00106742
0.000746413
0.00120031
0.000749569
0.000826143
0.00118586
0.000811056
0.000735885
0.000798619
0.00106295
0.000887345
0.000799453
0.000882588
0.00164214
0.000969458
0.00094065
0.000686716
0.000875475
0.000746777
0.000738106
0.00112309
0.000894321
0.000852055
0.00121811
0.00104676
0.000925269
0.00111768
0.000778332
0.00113641
0.000965174
0.000838064
0.00089895
0.000907944
0.000925776
0.000851916
0.000724669
0.000795217
0.000896579
0.000810313
0.00118586
0.000844298
0.000814567
0.000798036
0.000717658
0.00201531
0.00090121
0.000858162
0.000927481
0.00111027
0.000817578
0.000903357
0.00099429
0.000813791
0.000794616
0.000773064
0.000752242
0.00081862
0.000795716
0.000708133
0.00102825
0.000795816
0.00123963
0.00140085
0.000863598
0.000895101
0.00074402
0.000835004
0.00101064
0.000857269
0.000680051
0.00192028
0.00070869
0.00084892
0.00116775
0.000909904
0.000815196
0.0012045
0.00104317
0.000822542
0.000793051
0.00095252
0.000972087
0.000809849
0.000754456
0.000834894
0.000831857
0.000823653
0.000984196
0.00093135
0.000939703
0.000923254
0.00110746
0.000884414
0.00125438
0.00075328
0.00075906
0.000920194
0.000931447
0.00103135
0.000666876
0.000894842
0.000767366
0.00118172
0.00110264
0.000821848
0.000836339
0.000900755
0.000838286
0.000834111
0.000793547
0.000735395
0.000844444
0.000801311
0.000707633
0.00127122
0.000754037
0.000790991
0.000776105
0.000740284
0.000940183
0.000770348
0.00101991
0.00169872
0.00145122
0.000859566
0.000805362
0.000863802
0.00072196
0.000813709
0.00117831
0.000801096
0.000698168
0.000898477
0.000739917
0.000852594
0.00117083
0.000905136
0.000926294
0.000724537
0.00176235
0.000969916
0.000979031
0.00086315
0.000876692
0.00148333
0.00110501
0.000754116
0.000889538
0.000823671
0.000811292
0.000795861
0.000799534
0.001115
0.000789455
0.000881211
0.000731326
0.000782535
0.000796408
0.00152319
0.000816797
0.000749133
0.00101436
0.000859752
0.000769606
0.000898967
0.000935984
0.00137319
0.000812669
0.000855425
0.00111789
0.000875484
0.000792809
0.000939415
0.000814089
0.000903485
0.000884185
0.000917545
0.00114743
0.000728476
0.00156036
0.000708714
0.00085958
0.00080018
0.000850755
0.000949413
0.000786569
0.000896005
0.000850627
0.00125866
0.00114048
0.00116241
0.000976464
0.00102935
0.000773558
0.000723
0.000803413
0.000948029
0.00153731
0.000929202
0.00162435
0.000940666
0.000880764
0.000800797
0.00814491
0.001125
0.000777257
0.000878124
0.000826085
0.00121214
0.00343118
0.000895508
0.00119877
0.00357309
0.00116464
0.00096759
0.0008887
0.000759778
0.000876937
0.000955586
0.00109702
0.00111859
0.00100477
0.00108634
0.000698197
0.000828673
0.00072321
0.00083731
0.000739447
0.00284799
0.000748715
0.00109153
0.00100669
0.000845814
0.00099438
0.000965665
0.00113614
0.00108229
0.00110591
0.000948396
0.00111983
0.000724362
0.00129594
0.000800763
0.0013709
0.000893794
0.00101719
0.000920633
0.000927029
0.000842294
0.000931845
0.00104476
0.00149238
0.00134089
0.00106505
0.000880894
0.000787013
0.00086255
0.000853445
0.00152295
0.000837003
0.000813365
0.00102226
0.000898116
0.000775693
0.000825977
0.00101047
0.00085355
0.000862809
0.00105874
0.000854438
0.00124161
0.000920912
0.000774279
0.000724332
0.000796194
0.000705617
0.00208353
0.000856525
0.000803042
0.000833019
0.000899386
0.000711289
0.000942375
0.00121806
0.000838782
0.00129749
0.000945674
0.00117322
0.00125806
0.000788804
0.00110914
0.000856431
0.000792701
0.000793927
0.000854794
0.000857502
0.000813909
0.00113176
0.00113155
0.00106903
0.000762919
0.000780117
0.00110852
0.000825103
0.0007234
0.000769491
0.000941979
0.000751452
0.000961758
0.000743036
0.00100715
0.000732211
0.000762734
0.000971203
0.000813359
0.000813106
0.00076958
0.000701183
0.000819297
0.000926373
0.000824774
0.00101212
0.00103609
0.000735739
0.00192822
0.000958547
0.00083444
0.000884895
0.00103419
0.000838918
0.000791831
0.000733268
0.00074059
0.000785366
0.000741108
0.000768172
0.000722236
0.0010135
0.00100149
0.00404517
0.00115785
0.00114103
0.000801757
0.00083731
0.000998382
0.000869403
0.000845295
0.00100441
0.000901234
0.000904077
0.000834481
0.000748443
0.000884138
0.000996951
0.000778863
0.000815549
0.00096987
0.00109443
0.000832409
0.000995048
0.0014906
0.000789473
0.00101638
0.000814553
0.00111844
0.000761989
0.00096563
0.000941707
0.000842668
0.000766346
0.000848308
0.00125011
0.000777857
0.000799044
0.000836014
0.00073901
0.00389698
0.000763378
0.000860334
0.00108492
0.000801205
0.00112273
0.00122339
0.000949906
0.00128622
0.000896241
0.000927739
0.000708615
0.00113024
0.000847452
0.000714347
0.000862551
0.00143452
0.000717517
0.000807626
0.00087685
0.000861246
0.00113679
0.000765017
0.000788077
0.000948993
0.001252
0.000924173
0.000948231
0.000863958
0.00124534
0.000807195
0.000826046
0.000867947
0.00102297
0.00108369
0.00104435
0.000968362
0.00106844
0.000759198
0.000860373
0.000729475
0.00118897
0.000778849
0.000821668
0.000934573
0.00122858
0.000971379
0.000935562
0.000876043
0.00102858
0.00119975
0.00258646
0.000856507
0.000745201
0.000733147
0.000761607
0.000867589
0.00096241
0.000721421
0.000748155
0.000688137
0.000761632
0.000826604
0.000883259
0.00076634
0.000803886
0.00079514
0.000809784
0.00092296
0.000687117
0.000722667
