9.77191
1.26198
8.39798
1.06087
7.09648
0.860758
5.99851
0.755786
8.8836
1.1272
7.32547
0.948675
8.60223
1.09102
7.3144
0.904401
8.23783
1.0544
6.63493
0.804998
8.48012
1.09762
6.62845
0.817699
7.91534
0.971854
6.28813
0.801846
6.52185
0.794395
6.47051
0.797782
8.92754
1.113
6.19511
0.746112
6.39066
0.812155
7.93392
1.02472
7.4076
0.976494
9.62749
1.2523
7.88468
0.968947
8.21716
1.03812
7.7916
0.997443
8.82891
1.13354
9.48456
1.23422
6.76725
0.820498
6.73603
0.814491
6.80456
0.88365
7.78198
0.95719
7.0637
0.91669
6.56478
0.841803
6.08383
0.732227
5.69712
0.697893
8.02988
1.02899
6.74695
0.835307
8.57424
1.09767
7.38682
0.920909
8.42023
1.07985
6.97125
0.870793
7.42249
0.913133
7.77195
0.985399
6.7721
0.845808
7.73486
0.955723
6.85253
0.874554
8.57662
1.09532
7.3923
0.896282
7.91231
0.99945
6.48167
0.845974
8.14524
1.04352
7.28876
0.928133
6.61479
0.795268
7.51205
0.985708
5.7612
0.724895
7.93359
1.0295
7.21168
0.903254
6.6588
0.831358
7.97365
0.996937
7.07083
0.880556
8.33974
1.06234
8.60995
1.09427
6.87587
0.875643
8.13151
1.055
8.37775
1.04024
6.16099
0.776122
7.73754
0.96243
7.71609
0.95652
6.35352
0.802845
6.90004
0.827529
7.13391
0.87493
7.83076
1.00305
7.13289
0.895653
7.75852
0.992022
8.1833
1.0198
7.27194
0.932999
9.66353
1.24205
7.18809
0.914917
7.16554
0.883055
7.39618
0.907735
7.89052
1.00047
7.60321
0.982146
6.42055
0.810643
8.59174
1.09943
9.15229
1.15937
6.46323
0.800573
7.29551
0.902415
6.07052
0.779194
7.57186
0.985923
9.0549
1.12294
6.85033
0.847771
8.04041
0.986421
8.08886
1.01087
9.69449
1.28658
7.96608
1.01954
7.13655
0.929818
5.76236
0.725921
7.20959
0.882359
7.75469
0.999182
7.44722
0.944139
7.1044
0.850125
8.6049
1.13254
8.30181
1.08635
8.46594
1.07336
6.70807
0.849902
7.29959
0.901728
7.17458
0.883977
6.75239
0.835935
6.14792
0.762887
6.56921
0.854102
8.89252
1.12781
9.61676
1.233
8.68212
1.13485
6.71323
0.827257
6.57998
0.847036
7.58537
0.93988
8.06545
1.00583
8.3311
1.07589
6.57643
0.794169
8.77918
1.14287
8.39797
1.07893
7.47805
0.960695
7.79916
1.00085
7.61434
0.956115
8.22472
1.05853
7.78765
0.981879
9.43593
1.22475
7.5918
0.943903
6.9696
0.865384
7.95012
0.987072
7.87031
1.00224
7.25913
0.880612
5.77915
0.72459
7.42937
0.929743
7.14232
0.902339
6.40417
0.812082
7.00664
0.881932
7.87216
0.990689
7.52419
0.965855
7.50842
0.984534
7.70446
0.981127
6.32946
0.788885
6.95238
0.861036
8.92359
1.12769
7.48592
0.967166
7.38311
0.91827
8.10111
1.05284
7.51788
0.941672
7.60549
0.944079
7.83839
0.978545
6.88455
0.878282
7.55661
0.937203
7.17707
0.922785
9.53365
1.22303
6.86224
0.860535
7.20495
0.901266
7.84622
0.973628
7.27644
0.935002
6.61972
0.846379
8.69375
1.10327
9.62903
1.23394
8.67171
1.1324
6.43912
0.834051
9.3865
1.18376
8.75019
1.1215
7.35056
0.909443
8.05129
1.05106
6.71086
0.826146
7.02811
0.91857
7.87408
0.990293
6.66014
0.855977
6.01667
0.73044
8.17334
1.03209
7.82061
1.01571
7.14766
0.880358
7.51984
0.919654
7.96556
1.00156
7.24055
0.912338
9.18869
1.17092
7.16635
0.906978
7.47538
0.928924
6.21379
0.806979
9.51401
1.23551
7.44892
0.970712
7.62679
0.955028
7.75325
0.976981
6.53162
0.832622
6.89342
0.833823
6.64977
0.860229
6.97165
0.870793
6.85503
0.889363
5.9545
0.713499
7.09954
0.904767
7.27536
0.906153
7.24004
0.907831
9.78699
1.27541
6.17446
0.790889
7.74182
0.961776
7.19506
0.908629
7.48995
0.917647
6.81952
0.831904
5.92172
0.726169
7.19905
0.918345
8.42938
1.07565
5.89557
0.711365
7.76756
0.979195
7.95587
0.999857
8.05481
1.02819
7.98568
0.986848
7.69945
1.00079
8.47407
1.08088
7.16384
0.894347
6.18813
0.796124
7.44939
0.926834
6.87449
0.865095
6.48617
0.790558
7.14088
0.900881
8.05034
0.979485
8.46261
1.08299
7.52083
0.959446
7.64554
0.984964
7.07402
0.906054
9.94817
1.28309
7.58014
0.976816
7.19294
0.925618
6.96131
0.878224
7.25684
0.912581
6.83897
0.829342
8.06768
1.01691
6.90536
0.889518
7.29646
0.957086
6.62938
0.827617
7.81536
0.998738
7.41183
0.908225
7.70792
0.988394
9.39304
1.23383
8.83026
1.11301
6.3558
0.821784
6.73986
0.826992
9.58695
1.23881
7.84466
1.01421
8.20868
1.03485
8.43191
1.0981
9.78778
1.26796
6.84846
0.825515
7.85331
0.99091
7.53658
0.938539
9.37678
1.23151
6.47547
0.843206
7.38691
0.939102
6.70303
0.826384
6.91297
0.910915
7.1182
0.907766
7.93592
0.972832
7.72937
0.986575
7.26171
0.939482
6.6416
0.812525
6.83918
0.849751
7.46712
0.89995
6.01095
0.745373
7.34021
0.932688
7.52119
0.958866
7.15971
0.875323
6.52874
0.839192
7.7272
0.976803
9.25289
1.19907
7.62645
0.978199
7.05725
0.873096
8.05325
1.02189
7.4113
0.910295
8.34473
1.09828
8.07499
0.989826
6.53596
0.782601
6.82972
0.856323
8.72118
1.07954
7.63851
0.975094
8.01446
1.02584
6.99226
0.872224
7.36112
0.894645
7.73482
0.988522
7.09635
0.878445
6.81239
0.850003
6.6773
0.846206
8.60083
1.13279
7.3524
0.945841
7.4158
0.938667
7.39687
0.940756
7.2203
0.909633
6.74971
0.842909
7.6903
0.997174
7.7338
0.996766
7.68328
0.997123
9.63938
1.23425
8.92823
1.14084
6.77124
0.868186
8.30355
1.07981
7.33818
0.920148
8.21178
1.06522
8.46445
1.06441
6.99983
0.863434
8.53732
1.0963
7.57022
0.953834
7.04736
0.8624
7.96106
1.03489
7.91275
1.02797
6.94308
0.899443
6.44385
0.831914
8.26317
1.03063
7.6894
0.956844
6.99718
0.892651
6.79924
0.854929
7.23592
0.925988
6.23606
0.785543
6.63713
0.819484
7.13519
0.862727
7.16369
0.907756
7.90031
0.998615
6.86756
0.880621
7.47976
0.931615
9.62395
1.24843
8.51925
1.09292
7.33301
0.937449
9.63029
1.26755
8.45908
1.08376
8.69859
1.14279
6.30949
0.764469
7.31212
0.919199
7.92129
0.994924
8.70758
1.11955
8.73061
1.1133
6.77625
0.824294
6.59069
0.823631
8.7653
1.12177
7.79381
0.995831
7.06841
0.861202
7.69372
0.968892
8.95356
1.14773
6.08556
0.741021
7.79926
0.96235
7.05299
0.866107
6.96857
0.857851
7.29846
0.88862
7.25661
0.920687
8.07375
1.02596
8.32817
1.04954
8.00119
1.01384
8.17589
1.03836
7.88769
0.98861
7.89546
1.03003
7.44099
0.94138
7.16651
0.875624
8.05104
1.0373
8.15772
1.03053
7.07514
0.875894
7.3047
0.921397
6.19105
0.756699
6.27925
0.809114
8.40249
1.08705
8.39054
1.0842
8.11264
1.06194
8.06672
1.02727
7.26199
0.903546
9.45275
1.19308
7.24238
0.919591
9.76504
1.23669
6.81175
0.840878
7.62422
0.964685
7.96439
0.994629
6.51979
0.808098
6.52153
0.833143
8.4061
1.0511
7.60084
0.956979
8.531
1.08851
6.23335
0.760441
7.37445
0.936871
7.78441
0.969015
7.13498
0.892876
9.11948
1.17748
7.47449
0.965507
7.83044
0.99055
6.41575
0.82914
8.00069
0.981611
8.4595
1.08185
8.14069
1.01508
7.48413
0.936701
7.06658
0.850508
8.475
1.08892
6.7983
0.819248
9.00488
1.13884
7.24939
0.938535
6.70608
0.828684
8.94702
1.12794
7.85591
1.00571
6.83195
0.858117
6.60803
0.829347
7.42086
0.926915
7.18796
0.898469
8.3452
1.08117
8.40591
1.04962
7.4738
0.935089
7.61091
0.953879
6.322
0.805854
7.84311
0.991417
6.68071
0.82332
7.8734
0.992093
7.96896
1.0342
6.76404
0.878183
6.74231
0.848588
7.8283
0.99286
10.602
1.36645
8.11887
1.02383
6.04386
0.755482
6.53108
0.837494
9.18419
1.16547
7.66952
0.977784
8.86869
1.14215
7.39207
0.960828
5.56481
0.689803
7.4951
0.927071
8.58739
1.11043
7.93121
0.985964
8.29206
1.05694
8.56567
1.0775
7.85517
0.999609
8.22307
1.04154
7.92875
1.03033
6.70868
0.856656
7.97647
0.998964
6.74972
0.865348
9.33249
1.17762
7.36541
0.96328
7.37619
0.952168
6.3078
0.795223
7.44926
0.937323
6.03216
0.720754
6.82788
0.829774
8.36036
1.07691
7.81116
0.983639
5.77628
0.708985
7.5718
0.978039
7.82649
0.978641
6.25775
0.788045
6.46429
0.803444
8.307
1.07759
7.17016
0.875435
6.46169
0.812752
9.73265
1.24063
7.25437
0.907971
9.00677
1.13889
6.44331
0.774805
6.88385
0.878977
6.67518
0.811397
7.79165
0.990778
7.71439
0.954548
6.51613
0.788538
7.87564
1.03236
6.27291
0.777892
6.52041
0.786028
8.13188
1.0346
7.94216
1.03669
8.48361
1.11086
6.92976
0.850059
8.26018
1.05052
6.5435
0.83776
6.00976
0.719479
5.66035
0.710704
7.63784
0.961552
6.99433
0.892643
6.83276
0.852576
10.2371
1.33541
6.26297
0.768575
8.18062
1.0372
7.01988
0.909361
8.10939
0.997287
7.08243
0.870521
8.1254
1.03342
6.63896
0.835278
6.34875
0.768801
11.062
1.45552
7.82525
0.993554
9.11905
1.17156
7.61408
1.00701
8.12354
1.0698
7.39875
0.934302
7.97236
1.03711
7.10784
0.898449
7.43452
0.935178
7.59208
0.969986
6.76859
0.873156
6.98824
0.854625
7.66937
0.965612
7.84013
1.02619
6.53873
0.819343
7.93634
1.03363
7.211
0.89572
6.86415
0.900807
8.05893
0.996614
8.23404
1.0416
7.47636
0.975584
7.39496
0.933218
6.9065
0.8361
6.85479
0.866861
8.16678
1.03814
5.67995
0.708803
8.77495
1.11312
6.91987
0.829151
6.88373
0.854292
7.53145
0.953441
7.72756
0.955308
8.40438
1.09044
6.92456
0.841313
6.53976
0.8117
7.507
0.995893
6.89789
0.859367
8.08857
1.03354
8.22175
1.01994
7.00193
0.893413
7.64147
0.929463
7.20227
0.895818
7.08438
0.893478
6.45772
0.782198
8.46923
1.06575
8.50687
1.09433
6.76724
0.831302
8.4747
1.08712
7.06954
0.871854
6.92998
0.895126
6.84637
0.849246
7.72747
0.980375
7.62946
0.98508
7.20711
0.908048
8.08302
1.01708
8.17828
1.05329
7.03927
0.929981
8.6706
1.13765
5.43329
0.689479
8.50256
1.0918
7.41956
0.964133
7.82879
0.955088
6.73069
0.822993
7.97285
1.0135
7.44015
0.931994
6.78111
0.851718
6.93593
0.861973
6.0162
0.751326
8.32086
1.07824
8.25851
1.09273
7.801
0.996895
7.59093
0.968726
6.13169
0.773802
7.47163
0.952628
7.55848
0.930423
8.72666
1.13493
6.9597
0.882447
8.4239
1.05376
7.05211
0.865237
7.58755
0.983544
7.14015
0.913212
7.88838
0.998295
6.66345
0.831705
7.18917
0.888344
8.98532
1.15407
6.7002
0.82624
9.7823
1.24532
6.5687
0.816638
8.71145
1.12199
7.16501
0.885949
7.39194
0.932265
8.55478
1.04742
7.74141
1.0135
9.15043
1.1959
8.04607
1.04055
9.34611
1.21215
8.70463
1.10506
7.07618
0.89743
8.64784
1.09484
7.25747
0.871797
8.78603
1.14862
8.26405
1.01112
6.9494
0.893292
8.79314
1.13874
7.98139
1.0245
6.60747
0.828771
9.90574
1.26972
6.68573
0.857308
8.24951
1.05978
7.12445
0.918314
7.85603
0.97245
9.34544
1.17255
8.70095
1.10954
6.97468
0.878538
7.07457
0.878051
8.22594
1.05054
8.31932
1.04136
8.25127
1.07483
9.44972
1.23169
7.50981
0.959776
8.19165
1.0739
8.2136
1.06046
8.18813
1.05321
6.29809
0.76098
7.54292
0.965642
7.42823
0.929391
6.41607
0.783974
8.00802
1.00957
7.45008
0.977692
6.83556
0.851107
7.8826
0.999886
7.2246
0.92722
6.74395
0.824031
9.00123
1.15334
7.02349
0.845559
7.16235
0.902716
6.98742
0.879673
7.71616
0.985616
7.34901
0.949801
6.50682
0.821956
6.98245
0.838232
7.97948
1.01294
7.78358
0.95801
9.11796
1.16749
6.42271
0.83185
7.33264
0.921523
7.47952
0.919493
6.66635
0.835686
7.95885
1.00635
6.45451
0.844628
10.6149
1.37466
7.60077
0.967584
7.9326
0.987301
9.09402
1.18364
7.02454
0.869476
8.25625
1.05007
7.73993
0.983285
6.37191
0.79382
7.12658
0.867087
9.45873
1.21559
6.87154
0.839667
8.65884
1.13212
6.68061
0.866455
7.86025
0.982561
6.08633
0.75895
10.6022
1.38168
5.88648
0.718691
7.11017
0.918653
7.95023
1.02212
7.69134
0.973561
7.8126
0.994296
7.94527
0.99223
6.93187
0.897574
7.29669
0.910216
9.35615
1.2079
7.48336
0.93503
8.05803
1.03093
7.61979
0.99035
7.15969
0.91257
8.93061
1.13161
7.12229
0.890734
6.63431
0.825352
7.46759
0.953391
8.23041
1.03236
6.48258
0.788784
6.02046
0.730679
8.94013
1.13536
6.87438
0.852729
6.63649
0.829046
6.56885
0.827259
7.61799
0.9327
6.57136
0.81578
9.41901
1.19883
6.54437
0.812584
6.77845
0.880911
8.48751
1.09288
9.863
1.31108
9.60864
1.22304
6.87361
0.869831
8.24649
1.05912
8.41584
1.09377
6.12692
0.769103
7.71729
1.00271
9.5692
1.22301
6.17108
0.750002
8.44511
1.06205
7.25471
0.909797
8.15436
1.04345
9.42364
1.2224
7.24548
0.936107
7.12139
0.90212
6.92802
0.871132
6.43225
0.838115
9.92281
1.2765
8.35237
1.03663
7.35072
0.948408
7.51523
0.958756
6.90653
0.870315
6.41112
0.775667
6.72557
0.850103
8.04549
0.997851
6.6682
0.809061
7.92947
1.00359
6.36225
0.776833
7.52434
0.940905
6.97247
0.879818
6.56294
0.842219
6.65039
0.832542
6.33682
0.764984
6.14388
0.768899
7.38066
0.946435
7.82661
0.994846
6.15704
0.736429
7.34881
0.913707
6.2976
0.775087
6.9781
0.869192
6.61175
0.840919
8.7543
1.1059
7.86006
0.975552
7.19665
0.903607
6.53253
0.797268
7.98497
0.99609
7.90718
0.984335
7.71274
0.998094
7.49215
0.976933
9.59704
1.227
8.41584
1.05219
6.91737
0.859752
7.60112
0.947177
6.46401
0.772194
8.37629
1.07531
6.87091
0.863475
7.80232
0.985314
8.3734
1.06193
7.3477
0.916157
8.12515
1.0053
5.53236
0.69352
8.23265
1.02932
8.07348
1.02312
7.76133
0.987716
7.03013
0.906926
8.74296
1.15158
6.81847
0.862212
6.98734
0.867816
8.05023
1.02468
7.66494
1.0025
8.19561
1.07499
6.7931
0.84528
7.59406
0.965829
8.08566
1.00026
9.11987
1.17916
8.28539
1.04566
9.04628
1.12286
7.01155
0.907964
8.92746
1.15367
6.41471
0.812959
9.68781
1.22966
6.31061
0.763088
7.65665
0.935684
7.00914
0.864182
6.72143
0.817648
8.41355
1.07556
7.37344
0.942018
7.07556
0.931851
6.353
0.766328
8.68682
1.10122
9.17376
1.13889
8.8713
1.11349
7.779
1.01077
7.90896
0.99294
9.49647
1.23543
7.55413
0.942922
7.35992
0.931499
7.09343
0.870509
6.00601
0.722178
6.81353
0.839187
8.18908
1.04362
7.76386
1.0187
7.07478
0.869596
5.46605
0.67243
8.27382
1.0321
7.16266
0.93236
7.34072
0.899586
7.60178
0.974531
7.60128
0.942183
6.38627
0.775955
6.35154
0.784961
7.23198
0.907084
7.55611
0.948157
7.44025
0.904659
6.87842
0.872288
6.73908
0.870072
8.18036
1.04077
9.25454
1.19002
5.87794
0.71871
8.83476
1.14989
7.90872
0.959417
7.92495
0.989227
6.38371
0.775399
6.97303
0.90308
9.01535
1.1653
7.70581
1.0062
6.44025
0.838492
7.0959
0.896726
7.16243
0.89057
7.08399
0.901803
8.0221
1.03134
7.27093
0.92652
9.2958
1.18423
6.44519
0.795583
7.38345
0.945454
7.46299
0.925065
8.07141
1.04531
8.47797
1.07066
7.71535
0.986321
7.50676
0.915839
8.46029
1.07692
9.02357
1.17592
9.39544
1.22462
6.76874
0.853034
8.29628
1.08184
6.13306
0.757487
7.58034
0.926593
5.98833
0.72908
8.84521
1.12053
7.77776
0.962001
9.23352
1.19906
7.54816
0.950295
7.49138
0.95997
8.25
1.01722
6.74973
0.873214
7.40463
0.931479
6.37659
0.799623
8.37468
1.07883
8.30728
1.02053
9.51875
1.22146
8.38502
1.0586
6.95769
0.893941
7.28738
0.922922
7.9712
1.04121
8.84699
1.13755
6.40862
0.765929
7.69058
0.950424
7.15417
0.920282
7.37774
0.949537
9.16439
1.17966
8.31016
1.07023
7.65373
0.940757
9.1635
1.18238
7.72596
0.974803
7.7954
0.994338
6.60223
0.804947
8.05633
1.04552
6.59891
0.814259
8.8033
1.10744
8.43186
1.05837
7.08218
0.879524
8.79135
1.1268
8.82743
1.13252
6.8941
0.841632
8.22753
1.05315
7.49363
0.929222
8.25898
1.05953
5.75812
0.70724
8.61219
1.11907
8.31313
1.06322
7.35465
0.922986
8.76102
1.12223
7.77561
0.977243
8.31076
1.06588
9.00801
1.13105
7.4471
0.958871
7.55831
0.97999
8.91622
1.12129
7.39805
0.928965
7.22905
0.93255
6.8728
0.856625
7.26095
0.894627
7.72101
1.00746
6.75774
0.887591
8.05447
1.04369
8.39907
1.06427
7.30517
0.936988
6.71263
0.826675
9.36286
1.21086
8.12766
1.02865
6.74357
0.831034
7.84198
0.992978
6.52687
0.843336
7.81633
1.00258
6.60458
0.837397
8.84774
1.13953
8.56475
1.06872
7.97304
1.02711
6.95568
0.866086
7.30771
0.912604
6.95204
0.850252
7.59155
0.957868
7.49719
0.955306
6.72805
0.841584
8.80925
1.14543
7.17484
0.93678
8.13696
1.01081
7.8047
0.995145
8.00329
1.01358
7.43947
0.904651
8.43873
1.0981
7.28383
0.88327
8.83067
1.10435
7.84483
0.99515
7.70513
0.981562
8.666
1.08168
7.9163
1.0209
9.35357
1.18535
7.32623
0.941874
8.94802
1.13828
7.96051
0.974162
8.96623
1.1586
6.32388
0.794998
7.12754
0.913809
6.7703
0.835834
6.67489
0.816381
6.60195
0.834564
7.50509
0.96391
7.1693
0.889502
6.2644
0.787702
7.60572
0.951071
7.97736
1.01276
7.87209
0.971904
7.90769
1.03696
5.79124
0.707011
8.62124
1.06868
8.29609
1.03824
8.39397
1.07642
7.18154
0.904044
6.79246
0.861055
7.3721
0.927029
8.36085
1.07241
6.5924
0.822755
6.57968
0.802485
8.61242
1.10326
6.60566
0.806926
8.23321
1.03227
8.59763
1.10965
9.8977
1.26633
8.26281
1.06242
6.98318
0.850873
8.63415
1.09474
6.62762
0.839947
7.55273
0.928956
7.87241
0.968373
7.52237
0.95419
6.83742
0.871222
6.3286
0.76826
8.1119
1.01855
8.33833
1.06842
7.61552
0.972204
7.38848
0.948342
8.32744
1.05426
7.30098
0.885084
7.45167
0.931245
7.4975
0.917369
7.14361
0.849408
6.80211
0.88377
8.1859
1.0248
7.75841
0.960657
7.90855
1.03053
7.72948
0.998072
9.15542
1.18364
6.239
0.785152
7.84578
1.00561
7.79606
1.021
6.61965
0.84088
8.37246
1.07247
6.95298
0.876703
6.77662
0.871111
7.09549
0.874799
7.73234
0.960089
7.89489
1.04263
8.93137
1.17656
6.2319
0.769966
6.3146
0.774071
7.5729
0.960909
7.75088
1.00409
7.33944
0.903681
6.94976
0.907001
7.06607
0.860092
9.11463
1.19902
6.68271
0.803917
7.83886
0.991637
7.51764
0.962224
6.66547
0.855313
6.76393
0.855983
8.43621
1.08413
6.02125
0.725949
7.77813
0.961725
7.00254
0.905695
6.62021
0.8183
8.58079
1.06716
6.69079
0.830755
8.00847
1.01713
7.41233
0.926303
7.88574
1.01917
