7.71619
0.980155
4.29248
0.48684
8.54502
1.09061
11.2763
1.54703
10.9804
1.46496
14.2067
1.90994
9.97268
1.28998
13.7761
1.77741
6.60147
0.846102
7.31509
0.92851
9.55153
1.1391
9.75222
1.29965
5.96973
0.724826
6.407
0.794984
10.2082
1.28287
12.6034
1.65282
13.5077
1.83604
12.7657
1.72012
5.72281
0.679396
7.81293
0.946339
7.56717
0.93832
7.75089
0.960986
10.7919
1.43538
9.06507
1.19902
6.14209
0.743052
6.60757
0.861565
6.97276
0.861235
8.64126
1.05447
7.59022
0.948725
10.0855
1.28967
9.68607
1.23207
6.12653
0.839104
6.64219
0.919747
7.01786
0.847102
10.3096
1.26162
12.6153
1.59649
9.42127
1.22886
8.76106
1.17924
13.6177
1.82441
5.48929
0.704996
9.30375
1.15483
10.6512
1.33561
5.66359
0.6693
6.02419
0.706158
7.1229
0.847936
15.0393
2.02194
10.8038
1.36906
7.28748
0.976808
11.771
1.56929
5.9151
0.730584
8.30485
1.07097
9.72505
1.31487
13.2129
1.74401
6.51286
0.820496
7.27071
0.961235
5.63219
0.700929
14.0262
1.85953
6.71054
0.873546
8.00178
1.0884
9.7147
1.24829
11.0139
1.41584
10.0385
1.19366
7.42189
0.896673
8.46406
1.02111
7.79972
1.05918
12.6953
1.6945
12.4032
1.51152
15.2831
2.01892
6.81187
0.818857
7.22186
0.991764
9.21604
1.25729
8.23002
1.03104
7.03319
0.822792
5.2962
0.634115
17.2375
2.419
5.25857
0.615021
7.05336
0.933938
11.9055
1.58689
5.67926
0.749377
7.62358
0.999203
4.81512
0.568621
7.92777
1.05994
8.9906
1.10449
6.5005
0.772387
10.503
1.36074
5.46644
0.630085
10.1417
1.29905
14.9277
2.02422
17.165
2.32423
9.37854
1.19358
8.16561
1.02839
7.0972
0.891934
7.01953
0.87374
10.0803
1.29214
6.34567
0.810737
7.72466
0.922349
8.57303
1.1137
9.0852
1.24207
6.77977
0.900294
7.19353
0.910328
7.89186
1.00423
10.3899
1.38427
5.80665
0.739741
15.5677
2.08133
7.24126
0.92276
6.20078
0.736212
6.2384
0.748188
7.65682
0.989718
7.41834
0.964441
5.47473
0.631918
5.62791
0.688349
14.7096
1.97074
8.26998
1.14722
13.1366
1.76785
8.73956
1.11011
16.2646
2.27468
6.88023
0.874149
5.57153
0.669057
5.69705
0.724679
9.65179
1.24444
9.73337
1.18725
10.16
1.35037
14.8262
1.95877
15.726
2.15396
8.70021
1.13914
9.29751
1.26222
11.7567
1.57974
13.2824
1.70476
9.01559
1.21836
8.68502
1.00075
9.1198
1.24633
7.00684
0.921133
5.13077
0.636902
8.27297
1.11522
10.2655
1.30979
8.75871
1.1702
8.60258
1.15385
15.2163
2.13424
10.6202
1.35305
7.43198
0.949762
12.3842
1.61998
13.3078
1.83503
9.56608
1.24766
14.3382
1.86972
10.1407
1.3567
7.46335
0.96435
10.1271
1.27913
5.60561
0.733887
10.5117
1.39439
12.2687
1.53798
7.22056
0.932474
12.2024
1.56853
10.3701
1.32088
12.5779
1.62531
8.17405
0.988303
8.24154
1.11036
4.41425
0.58162
14.3778
1.93632
6.06127
0.708578
14.2021
1.90816
7.32028
0.965123
7.77524
0.969026
11.2046
1.3939
14.0412
1.87287
8.94686
1.06718
16.0876
2.13072
6.87639
0.818278
6.60148
0.842304
9.48219
1.26754
11.0989
1.46148
8.97914
1.12295
5.08337
0.660444
8.04083
1.04634
9.31008
1.1546
8.77738
1.06085
5.73375
0.712944
8.57786
1.04861
9.53424
1.20069
6.16335
0.776783
3.78606
0.450926
17.9512
2.53084
6.09192
0.74128
7.00212
0.928265
13.4458
1.76864
7.08794
0.858839
11.4834
1.43436
12.9274
1.76215
12.9085
1.73631
10.8189
1.36585
8.60512
1.02516
5.95026
0.787566
11.6189
1.53119
11.9981
1.48746
7.45068
0.895304
6.61418
0.776023
12.322
1.60421
10.1463
1.31912
9.1255
1.22629
10.3716
1.41628
9.42198
1.2555
12.7987
1.6836
4.51707
0.567548
8.64035
1.04063
10.5353
1.30227
9.63356
1.1489
9.19505
1.12277
10.401
1.31191
5.72497
0.74822
8.57078
1.1137
10.0189
1.2888
8.7983
1.20424
8.0472
0.994122
9.70966
1.26518
7.48453
0.970191
5.80974
0.762005
17.3944
2.3779
5.33137
0.635679
6.83285
0.923977
10.9044
1.41203
10.2302
1.32076
7.92101
1.03884
15.2965
2.12633
9.18985
1.10741
6.57603
0.862953
5.76228
0.672923
5.80007
0.746162
11.6928
1.58749
9.27462
1.23449
11.9891
1.51555
8.6158
1.08726
6.17221
0.805135
11.131
1.47093
13.2821
1.85158
6.93426
0.852672
9.20582
1.14801
9.61219
1.25832
7.64533
1.03121
13.6012
1.81056
5.27076
0.611655
5.38375
0.640984
4.74127
0.597782
12.0559
1.49068
8.33663
1.13358
4.28164
0.512398
9.50012
1.25369
9.84121
1.2704
17.8547
2.49595
9.20826
1.17602
5.46752
0.632679
16.2839
2.19533
4.90522
0.596552
14.0325
1.91307
9.9638
1.28832
10.2962
1.37058
7.85444
1.08021
17.0079
2.22272
6.01027
0.710635
6.93349
0.836195
5.27204
0.7083
12.1561
1.59299
6.93547
0.905307
7.60509
0.969337
9.05402
1.1634
12.279
1.59813
16.7684
2.31343
15.1142
2.08239
8.85676
1.15936
8.70225
1.09472
15.9284
2.13421
16.2735
2.34515
13.7638
1.7668
9.46714
1.22091
5.75779
0.692924
7.85465
0.957045
8.37211
1.04284
6.26994
0.823425
10.0909
1.31807
10.5215
1.34972
12.6299
1.69861
8.4718
1.1664
9.12066
1.21959
6.38156
0.845031
6.9575
0.838058
6.6678
0.899229
8.99915
1.12339
7.29474
0.872155
7.24658
0.871599
7.13565
0.88346
6.10277
0.715874
14.9273
1.99148
12.9341
1.77515
9.71931
1.23268
11.2228
1.50544
9.98374
1.23049
6.79368
0.816166
15.7204
2.09809
9.3818
1.20542
8.3392
1.11877
6.2918
0.781898
7.57379
1.02388
6.59708
0.871947
6.28641
0.739026
13.1885
1.64083
9.99365
1.38645
7.70744
0.983935
16.4598
2.16133
12.2418
1.62327
5.60481
0.658524
5.99463
0.75517
10.521
1.3879
4.2129
0.500775
10.3243
1.34958
10.1196
1.25972
9.16441
1.09212
5.73897
0.681079
7.42178
0.911463
5.13376
0.675315
14.6165
1.92026
10.2492
1.26695
13.9259
1.85285
15.9347
2.17542
7.96603
0.98342
13.8946
1.8423
12.5425
1.63068
5.42815
0.709439
8.44916
0.992762
10.2842
1.31804
14.6461
1.97333
5.88013
0.765264
6.8043
0.877345
13.7612
1.85974
8.96531
1.18876
8.26439
1.04835
10.5633
1.32202
12.2544
1.57362
5.61774
0.645763
6.52688
0.758749
11.162
1.41806
10.1981
1.28407
9.60615
1.18383
11.3764
1.38069
9.78705
1.2553
7.68785
0.99646
8.45316
1.1193
5.63771
0.717751
6.88753
0.898159
14.0319
1.93248
7.11404
0.86671
10.7238
1.38744
9.25216
1.17863
13.6593
1.80214
8.52331
1.07531
11.0114
1.4952
12.5389
1.5937
5.46506
0.638575
4.91069
0.639666
10.5211
1.31965
9.6184
1.25477
6.83693
0.8531
8.34775
1.09239
4.01947
0.477156
11.3266
1.47765
7.17273
0.901219
8.82508
1.11288
9.64728
1.24587
8.91673
1.11039
8.26204
1.11073
9.42949
1.25832
10.5682
1.33324
6.69858
0.880805
8.37991
1.08777
9.74678
1.25663
9.67152
1.31466
6.67593
0.850343
8.33236
1.10742
5.99298
0.738229
8.20414
1.01276
5.74597
0.641215
11.5195
1.38853
9.172
1.16007
6.10941
0.728838
6.51761
0.756182
9.07442
1.15004
6.72143
0.876991
5.95293
0.695863
9.79318
1.28656
8.99423
1.13656
6.98872
0.872321
5.65387
0.741393
9.72882
1.27422
9.4098
1.24652
8.75624
1.16387
7.57286
0.903846
8.92344
1.18023
10.7677
1.47162
13.4011
1.73057
11.8853
1.5912
6.77985
0.880121
8.38471
0.993593
10.1382
1.27144
10.2298
1.38028
15.6226
2.09309
11.7258
1.60109
19.4261
2.6908
8.30872
1.10794
4.25065
0.499684
7.96068
0.99027
10.8949
1.38078
10.3806
1.39166
9.49843
1.20762
10.4317
1.35644
10.1197
1.37986
8.44119
1.05277
14.2075
1.80866
15.1975
2.05665
5.38236
0.635404
10.2884
1.35294
13.6862
1.88511
10.3277
1.34721
5.5361
0.738854
12.7363
1.62227
9.94674
1.33141
9.36679
1.18387
6.47263
0.795127
9.01581
1.12807
12.2082
1.62797
7.57853
0.973551
10.0585
1.25299
6.55849
0.87744
7.16355
0.946682
9.14745
1.12496
6.89082
0.903799
8.50321
1.06434
13.1353
1.70427
7.60616
0.923398
6.17153
0.790141
15.0475
2.08152
6.5576
0.864821
7.09012
0.869717
8.97734
1.13433
7.15339
0.850148
5.43635
0.695733
6.52497
0.839561
6.92497
0.840999
8.33926
1.08776
13.4863
1.83248
14.0678
1.9011
11.3857
1.41551
12.0388
1.54616
10.6548
1.44699
9.44046
1.22314
8.79539
1.08872
6.19452
0.767503
3.61898
0.415401
7.54597
0.937815
5.6517
0.759744
6.44059
0.756141
8.66067
1.1668
7.35705
0.970074
8.14981
1.04873
7.13051
0.926872
9.72539
1.29144
12.9095
1.80149
7.6507
0.958196
10.8631
1.50037
14.4415
1.89519
8.2944
0.967634
9.6978
1.25899
5.9482
0.702983
6.76438
0.932487
6.92787
0.917181
6.75598
0.853613
7.06559
0.825137
10.6253
1.31585
6.69761
0.78822
13.9554
1.88376
12.0776
1.61161
11.3898
1.56078
15.4822
2.10933
11.371
1.46426
5.26756
0.697022
7.17448
0.874318
16.5755
2.23047
8.39915
1.13506
10.2163
1.33595
12.0962
1.62093
13.6602
1.81098
6.45813
0.822266
14.0831
1.89214
5.54396
0.664083
10.0865
1.29212
7.30367
0.896584
6.21816
0.718717
7.08526
0.890084
5.95433
0.697361
7.24043
0.941197
11.1996
1.3313
9.77564
1.23555
11.4602
1.57357
6.5389
0.773795
6.93883
0.921492
6.02706
0.802477
8.96293
1.18893
6.10029
0.827333
10.1558
1.27235
10.3756
1.41543
8.91574
1.10053
7.45179
0.994279
6.48317
0.765249
7.49183
0.927894
8.25677
1.07357
10.2406
1.33579
7.22952
0.909103
6.41392
0.78307
8.45042
1.0049
10.0359
1.24079
8.39477
1.09865
6.88479
0.876965
4.6795
0.502681
12.5293
1.63636
9.69259
1.17646
14.3574
1.93907
12.6831
1.68076
8.68501
1.07149
7.48107
0.939393
7.893
1.00417
9.69554
1.21387
6.38488
0.787601
14.1392
1.92695
15.2759
2.06522
13.6369
1.85774
9.57832
1.20701
5.99153
0.770664
5.43481
0.654192
8.18195
1.12127
8.3467
1.03678
7.62056
0.911994
18.0629
2.38038
6.24333
0.769818
5.27165
0.660607
8.69654
1.06803
9.33655
1.2089
10.1083
1.32871
5.33843
0.628733
11.3891
1.47988
9.37554
1.19197
6.60482
0.776777
11.5271
1.5753
11.4609
1.54749
13.333
1.769
8.42219
1.10304
15.8262
2.09964
7.47913
0.922617
7.16847
0.971805
8.04036
0.982547
13.5614
1.85797
5.97787
0.713841
5.91788
0.718839
10.4172
1.35681
6.65856
0.847788
9.99068
1.3529
5.73726
0.69985
12.121
1.67677
8.93854
1.12393
21.9466
3.04541
6.81274
0.867899
6.67771
0.878079
8.84386
1.05036
7.93093
0.97921
10.2621
1.31655
8.70183
1.04922
10.6126
1.39602
6.31416
0.735566
5.63583
0.67618
10.4754
1.38287
8.11639
1.06293
8.11609
1.12001
8.64511
1.07209
15.9809
2.21641
7.83216
0.92106
9.91176
1.33105
8.49164
1.12366
7.5163
0.990743
11.1648
1.52446
9.99749
1.33563
10.7531
1.31528
7.57896
1.04113
13.1444
1.74402
7.43658
0.968913
7.62647
0.960831
5.55357
0.704325
11.0065
1.35031
14.2116
1.89542
6.72759
0.906584
9.12092
1.18602
15.1829
2.06863
8.86932
1.23231
12.5536
1.70657
11.1737
1.41256
8.95601
1.18678
5.76357
0.714634
9.08369
1.10932
14.7079
1.92144
7.53908
0.936054
5.48676
0.666294
14.0159
1.80975
8.57085
1.07673
5.75267
0.774245
5.85779
0.72685
8.27158
1.07357
16.0577
2.18492
12.7883
1.68768
8.67458
1.03733
13.522
1.81612
13.5577
1.89837
9.14989
1.11272
10.1268
1.27066
4.97255
0.576209
12.4635
1.66765
11.8243
1.51741
5.06951
0.6397
9.44952
1.18831
5.47399
0.655033
10.0735
1.40843
11.8155
1.49377
6.89582
0.847491
12.5574
1.65047
19.1675
2.63055
16.3316
2.22009
14.9909
2.06703
13.6433
1.84214
12.5087
1.74995
6.46231
0.846225
9.78196
1.31936
13.6717
1.77394
9.31017
1.11876
7.55693
0.930641
12.199
1.65553
10.146
1.30712
10.4144
1.37814
8.92594
1.18794
11.0201
1.43123
13.2875
1.76066
9.28693
1.19581
11.2537
1.51928
8.42611
1.13281
10.5185
1.3485
12.6656
1.66427
18.2295
2.52758
6.35918
0.736265
8.52709
1.07019
16.2319
2.20111
6.51609
0.830983
7.10921
0.896319
7.05787
0.846481
11.18
1.48681
12.6265
1.73028
7.39158
0.930026
7.95211
1.03189
7.94481
1.07939
6.61145
0.809573
12.268
1.57287
8.35688
1.01726
9.84365
1.30689
10.1855
1.34643
9.75624
1.22465
8.2809
1.06262
7.32946
1.0029
8.38994
1.0509
7.96436
1.00261
9.09087
1.15942
7.73367
1.01357
16.533
2.31899
12.3968
1.70527
5.04164
0.644514
5.68856
0.698227
7.24635
0.957633
11.3769
1.53485
7.17725
0.916403
12.232
1.63266
11.103
1.40366
6.64366
0.825512
10.294
1.32914
9.04919
1.13827
7.34093
0.856791
8.00226
1.07418
9.56993
1.19246
11.4767
1.47223
12.161
1.63306
9.23472
1.26299
10.8048
1.37428
9.60149
1.13145
9.76373
1.17746
15.3501
2.01137
12.1035
1.5187
12.3131
1.63964
6.61684
0.885567
6.66258
0.827513
10.2958
1.29035
8.08867
1.04355
5.68655
0.677106
6.4056
0.841855
6.82167
0.947768
8.70185
1.05963
8.94023
1.15474
6.6003
0.795061
6.17542
0.742607
6.71684
0.91342
5.558
0.69672
14.6755
1.8726
10.7973
1.32098
7.1867
0.906999
8.72735
1.08736
9.00242
1.12243
7.81459
1.00201
13.88
1.8001
5.75113
0.69994
6.69397
0.791836
9.79172
1.24189
10.2723
1.25624
9.41168
1.11475
11.0897
1.37087
9.37605
1.22367
9.55776
1.21611
8.18827
1.0784
9.73991
1.27118
10.7099
1.39768
10.2078
1.2898
7.0594
0.826974
6.24085
0.782839
12.0409
1.57229
15.6059
2.04529
6.11965
0.731792
8.11348
1.00613
9.31914
1.23022
9.96735
1.32612
8.41889
1.15935
8.72845
1.11642
6.51122
0.804167
6.51764
0.775572
12.9947
1.77115
6.49926
0.796813
7.64017
0.919448
8.44481
1.01851
6.13637
0.832863
14.3019
1.92184
6.09434
0.737344
18.6862
2.65026
14.6503
1.96663
11.6188
1.48891
5.68605
0.683282
8.59437
1.13933
11.8952
1.52291
7.59889
1.023
4.64273
0.580823
9.74718
1.31938
6.41545
0.782224
6.31671
0.799178
7.40544
0.888972
9.45966
1.29434
11.0488
1.4998
13.3094
1.77293
8.21692
0.989212
13.6063
1.89494
9.16508
1.13161
6.69675
0.836242
9.84482
1.34023
6.61465
0.794049
5.73651
0.711062
11.1441
1.55535
5.59813
0.651386
7.28585
0.869186
6.21973
0.820748
8.57508
1.08481
5.83857
0.759391
9.64171
1.24357
13.0746
1.78501
9.114
1.09217
8.43135
1.11333
7.73476
1.03611
9.75138
1.26704
9.57354
1.22563
10.6768
1.30494
18.9306
2.58771
16.4384
2.28172
7.65383
1.06529
8.11239
1.07698
9.02079
1.21093
15.4622
2.08635
8.6263
1.06906
8.88196
1.12983
10.8701
1.42284
6.45819
0.847954
8.98853
1.21174
8.03312
1.01007
14.028
1.89723
10.5319
1.39495
7.97833
1.04559
12.6574
1.63306
8.61452
1.13564
6.23416
0.802458
10.085
1.27168
6.96675
0.874357
6.88571
0.934473
11.7402
1.56585
5.11313
0.658447
10.7903
1.37998
5.80566
0.681089
8.65568
1.1587
8.519
0.988259
8.29506
1.04423
7.66731
0.903659
11.6135
1.56252
6.00818
0.741045
18.7329
2.57928
8.78894
1.15858
9.73502
1.19928
16.0883
2.20831
8.6504
1.19705
12.483
1.68507
6.65882
0.854719
9.59838
1.30858
8.32435
1.03978
9.81288
1.27067
13.9002
1.84608
8.47064
1.12515
11.1862
1.55393
3.81182
0.439664
8.74273
1.07218
11.8717
1.53243
8.37875
1.1319
7.00422
0.869901
4.56365
0.582424
13.6979
1.78621
8.60849
1.05307
7.58218
0.950172
10.0108
1.31613
7.97091
1.10972
6.34584
0.788397
7.60475
0.949193
10.9693
1.35831
10.9137
1.44267
9.64969
1.31555
8.80414
1.10222
8.55425
1.10791
10.0699
1.38888
9.02606
1.19367
12.7917
1.70939
6.6238
0.873108
14.3047
1.8936
12.0558
1.52015
11.0627
1.45692
4.6272
0.589199
14.2395
2.02668
8.95869
1.08618
14.2434
1.9056
5.83698
0.743572
12.2322
1.54797
9.74108
1.28117
11.6532
1.56979
8.00202
1.0903
4.24228
0.486015
10.7561
1.33709
15.354
2.08551
12.5709
1.64329
8.98775
1.09535
10.7633
1.38498
5.38641
0.686863
10.8942
1.46684
10.9438
1.4073
17.1266
2.28493
11.6947
1.52023
6.97226
0.96307
7.95122
1.06542
4.42393
0.545794
9.98475
1.25417
10.6588
1.40303
7.88079
0.945326
10.2463
1.34372
8.72521
1.10231
6.65434
0.816509
19.6769
2.7139
7.17256
0.900145
20.3557
2.77583
17.2452
2.30245
6.92793
0.88405
14.3157
1.97061
6.45656
0.817468
14.3994
1.93288
6.02215
0.802389
9.28292
1.2146
9.4639
1.14883
8.3928
1.06417
16.7497
2.23744
8.0622
1.01555
9.97399
1.32084
8.64123
1.12002
5.10272
0.612907
8.0672
0.932151
14.5912
1.96623
10.831
1.46671
10.5185
1.31973
9.38548
1.15719
13.2973
1.83255
14.3147
1.95868
5.62894
0.700345
15.0625
1.98155
11.6566
1.53027
12.7095
1.6739
7.05888
0.825138
8.90282
1.09864
8.90579
1.21177
11.418
1.48672
16.8906
2.28843
10.5539
1.49001
11.919
1.52253
10.8564
1.44087
6.41276
0.787333
7.02451
0.904366
9.50866
1.26487
16.1813
2.19804
10.211
1.32599
11.3365
1.44774
11.5989
1.43102
8.52007
1.08551
9.78919
1.273
5.73889
0.677892
10.1004
1.33075
9.91901
1.32141
7.19613
0.890521
9.06641
1.18327
9.38111
1.15003
8.03284
1.03109
8.0173
1.01104
8.03294
0.972988
4.67235
0.574394
9.3392
1.22735
5.63546
0.695549
12.9505
1.67618
11.1374
1.45947
9.01351
1.17004
9.37003
1.23542
10.9228
1.40118
6.02043
0.748176
9.89368
1.3581
7.85884
1.03041
5.94577
0.74785
13.929
1.86737
9.25256
1.17677
13.5364
1.75155
8.77689
1.10538
9.06198
1.13481
6.59402
0.799944
11.5853
1.50695
4.88181
0.59802
5.1557
0.725016
10.1317
1.29008
10.5308
1.40644
10.7384
1.35979
9.33606
1.30977
11.2222
1.46575
15.6064
2.14509
5.00977
0.610578
15.085
1.993
5.08125
0.639075
8.94455
1.19696
9.97572
1.25794
10.6921
1.38417
10.6077
1.37688
5.84949
0.711713
6.78155
0.816912
17.8905
2.46598
9.47553
1.28775
4.96848
0.627248
5.64896
0.689673
10.8112
1.42377
8.5376
1.11029
14.1086
1.88512
8.71755
1.15089
12.4427
1.7171
5.02363
0.664131
18.5455
2.56573
8.54734
1.06584
13.8658
1.87249
6.40381
0.784934
9.21816
1.21436
11.1089
1.41931
5.53644
0.650035
7.44871
0.997823
6.3872
0.787117
6.57465
0.745888
7.41333
1.00422
8.94463
1.157
11.9053
1.55708
12.3116
1.61103
11.6456
1.56001
11.9149
1.58072
7.02435
0.91731
6.77055
0.870946
8.59288
1.13627
