0.00185381
0.000904446
0.000934116
0.00118219
0.00105456
0.00089378
0.000952924
0.000757822
0.000909879
0.00111494
0.000928962
0.000899316
0.000919093
0.00121805
0.00123689
0.00112613
0.00119566
0.00126223
0.000978834
0.000898634
0.0011102
0.00187974
0.000928581
0.000928875
0.000841981
0.000999399
0.00182029
0.00103522
0.00109296
0.000885216
0.000866722
0.000897819
0.000889496
0.00127918
0.00187522
0.0009274
0.000853588
0.000961799
0.000763842
0.000914846
0.000747661
0.000825655
0.000797864
0.000807546
0.000845064
0.000750358
0.000951497
0.000884115
0.000803529
0.00122522
0.000881106
0.000819456
0.00135116
0.000991794
0.0013314
0.000933
0.000715503
0.000847034
0.000817364
0.000777556
0.000888399
0.000955861
0.000729596
0.000932526
0.00104421
0.00111395
0.000807936
0.000834859
0.00109763
0.00104849
0.000809139
0.00083985
0.000739944
0.000806788
0.000968246
0.000839815
0.00191311
0.000745993
0.000784354
0.000798546
0.000807178
0.000871185
0.00100049
0.000948368
0.00131099
0.00107743
0.000776851
0.00129304
0.000923069
0.0013069
0.000772628
0.000968581
0.000883099
0.00227019
0.00085434
0.000971329
0.00130901
0.000839118
0.000864658
0.000786026
0.00115214
0.00111708
0.000997335
0.000904359
0.000829715
0.000766775
0.000788344
0.000843839
0.00103771
0.00103814
0.00104659
0.00179959
0.00101058
0.000885284
0.000917274
0.000829183
0.000893769
0.000933129
0.00136398
0.00103721
0.000938217
0.000813458
0.000830412
0.000777691
0.000900516
0.000813251
0.0016591
0.000798644
0.000755836
0.00085062
0.000826406
0.000929116
0.00128908
0.000781111
0.000730529
0.000975708
0.000772903
0.000823884
0.000819641
0.000974364
0.000814759
0.00108395
0.000761701
0.00109157
0.000878199
0.000751612
0.000944634
0.000754176
0.000808865
0.000848325
0.000748634
0.000822652
0.000832058
0.00169574
0.000726011
0.000706161
0.000855323
0.000845909
0.000865684
0.000968543
0.001821
0.0010462
0.00104129
0.00173777
0.000994853
0.000788302
0.000988821
0.000901982
0.00095882
0.000814503
0.000880857
0.00115649
0.000906302
0.000925023
0.000797058
0.000883325
0.000793774
0.000751296
0.00130481
0.00074081
0.000805108
0.00159269
0.00186901
0.000963743
0.000775902
0.000809152
0.000920384
0.000953699
0.000955611
0.000747661
0.000875749
0.00135423
0.000760941
0.000759612
0.000745621
0.00196434
0.00126474
0.000807936
0.000714004
0.000874767
0.000901528
0.00107008
0.000765392
0.000925919
0.00136753
0.000824492
0.000804641
0.000892789
0.000890847
0.000924237
0.000901176
0.000734885
0.00130511
0.000813911
0.000712595
0.0012349
0.000721326
0.00109904
0.000890085
0.000766662
0.000841272
0.00078636
0.00219851
0.000862862
0.000848305
0.000728067
0.000744733
0.000928267
0.000891742
0.00082997
0.00108929
0.000836778
0.000836503
0.0008389
0.000816681
0.00184532
0.00102184
0.00112648
0.000915465
0.00183241
0.000887822
0.000923454
0.000991665
0.00187724
0.00102652
0.000813124
0.000799536
0.00180159
0.00118303
0.000768856
0.000907518
0.00107707
0.000762477
0.000944622
0.000791426
0.000905017
0.000967936
0.00076037
0.000995699
0.00115788
0.000783279
0.000770674
0.000802016
0.00096349
0.000806471
0.00137774
0.00082327
0.000781299
0.000860939
0.000835145
0.0011307
0.001052
0.00148537
0.000745104
0.00119378
0.000807333
0.000897659
0.000747547
0.000879082
0.000792142
0.000766355
0.000762828
0.000866346
0.00112574
0.000822504
0.000762288
0.00076129
0.000730335
0.000807792
0.00091165
0.000855283
0.000923114
0.00184246
0.0010835
0.000827736
0.000961597
0.000765431
0.000986589
0.000958407
0.00080014
0.000942817
0.000771004
0.000876724
0.000934967
0.000944093
0.000858573
0.00100804
0.000990029
0.000786546
0.00075787
0.000741724
0.000821771
0.00110529
0.000918605
0.000965937
0.000740587
0.000807503
0.000787038
0.000799446
0.00186351
0.000904482
0.000788202
0.00191695
0.000895282
0.00107192
0.00117779
0.000757125
0.000818484
0.000980639
0.00096472
0.000971236
0.000882765
0.00100114
0.000826002
0.000894214
0.000791666
0.00114288
0.00115632
0.000844036
0.000856174
0.000808622
0.000898817
0.000771687
0.00090468
0.000899167
0.000816211
0.000889919
0.000820885
0.000974279
0.00077517
0.000806714
0.00091329
0.000885368
0.000763861
0.000788629
0.00110001
0.00134453
0.000941198
0.000930805
0.00104691
0.000904582
0.000739913
0.00169353
0.000760727
0.00204172
0.000785087
0.00078408
0.000837469
0.00100775
0.000929542
0.000970286
0.000772272
0.000912082
0.00112824
0.00075138
0.000820558
0.000744159
0.00124022
0.000861601
0.000800933
0.00103734
0.000968688
0.000900546
0.000903105
0.000792694
0.00106115
0.000884634
0.00109196
0.00114524
0.000893406
0.000880519
0.0010908
0.000844371
0.000749247
0.000840529
0.000788896
0.000718706
0.000931826
0.000976771
0.000793429
0.000782868
0.00118747
0.000809474
0.000908947
0.00081848
0.000918059
0.000865958
0.000788326
0.000819124
0.00565312
0.000893228
0.00114195
0.000961586
0.00127912
0.000816237
0.00105323
0.000950548
0.00224614
0.000816996
0.000984888
0.000844675
0.000882304
0.000988965
0.000822445
0.00090577
0.000938571
0.000834996
0.000819774
0.000804728
0.00153163
0.00103327
0.000858272
0.00111761
0.000789438
0.00137501
0.00092346
0.000920709
0.000809726
0.00138206
0.000863633
0.000847387
0.00114598
0.00102886
0.00095556
0.000817218
0.000943404
0.00201151
0.000743068
0.00114524
0.00144703
0.000753166
0.00103888
0.000789129
0.000841347
0.0013367
0.00102759
0.00111826
0.0013338
0.000883956
0.000968416
0.00103739
0.000805804
0.00086991
0.00093961
0.00133015
0.00174817
0.000768865
0.000761944
0.000740694
0.00375904
0.00107981
0.000894634
0.000849839
0.0010149
0.000824235
0.000883839
0.000842416
0.00122938
0.00599177
0.000829334
0.00124955
0.00112758
0.00111577
0.000773407
0.00094033
0.00073151
0.000787854
0.000823221
0.000833162
0.000842682
0.000786735
0.00102963
0.000920485
0.000944539
0.000742881
0.00102925
0.000900199
0.000911528
0.000922795
0.000773028
0.000896105
0.000730352
0.000889818
0.00162695
0.000982997
0.00105948
0.000738472
0.000773418
0.000849291
0.000954173
0.0008532
0.000950275
0.00124003
0.000741205
0.000881543
0.00101465
0.000771679
0.000961965
0.000734411
0.000738555
0.00124067
0.000957705
0.000908909
0.000888941
0.00088842
0.000795343
0.000815891
0.000755907
0.000813616
0.000850685
0.000729902
0.000906166
0.000892817
0.00124052
0.00108212
0.00403046
0.000889756
0.000943763
0.000976925
0.000971674
0.000809288
0.000777742
0.000784868
0.000735493
0.00115546
0.000961967
0.00114644
0.000822511
0.000814062
0.00106427
0.000793987
0.000862229
0.000977323
0.000752887
0.000976834
0.000838023
0.000897285
0.000780973
0.000811041
0.000854242
0.000774272
0.00118507
0.000899853
0.00197944
0.000917186
0.000973209
0.000771205
0.000767987
0.00121962
0.00098422
0.00146402
0.000959645
0.001493
0.000941515
0.000745261
0.000954546
0.00102254
0.00110688
0.00115563
0.00079352
0.0010185
0.000878102
0.000846443
0.00213444
0.000894007
0.000896616
0.00083198
0.000876272
0.00164899
0.000945452
0.000722822
0.000760666
0.000889089
0.000979211
0.000974689
0.00177984
0.000764138
0.00106406
0.000926804
0.000898136
0.00123088
0.000814737
0.000795248
0.00116085
0.000814818
0.00103272
0.000750658
0.000815937
0.000827193
0.000958815
0.00121383
0.00101109
0.000717983
0.000746311
0.000808269
0.000877951
0.000888435
0.0010171
0.00082925
0.000873806
0.00124823
0.00106076
0.00077996
0.00084792
0.000845372
0.000805246
0.00124981
0.00565312
0.000816365
0.000825528
0.00133005
0.000774704
0.000880835
0.000810601
0.00110783
0.000916076
0.00158836
0.000789857
0.0010462
0.000994269
0.000863006
0.00107096
0.00565312
0.00129485
0.000830957
0.000862975
0.000783587
0.0008125
0.000830402
0.000836333
0.000786399
0.00147889
0.000801536
0.000887287
0.000874558
0.00076263
0.00111553
0.000750059
0.00086769
0.000792147
0.000953232
0.0012674
0.00114091
0.00108313
0.000735451
0.000851449
0.000870733
0.000910117
0.00090791
0.00161304
0.000942981
0.000917302
0.000894003
0.00283364
0.00193224
0.000732563
0.000891409
0.000965171
0.0010172
0.000911504
0.00179651
0.00124702
0.000933942
0.000744488
0.000882547
0.00162203
0.000871132
0.000738736
0.000717746
0.00118408
0.00213977
0.00104334
0.000866849
0.000773352
0.000723567
0.00130526
0.000805328
0.000907679
0.00107604
0.000802146
0.00116054
0.000762793
0.000740696
0.000906405
0.000863392
0.00123251
0.00103519
0.000812754
0.000835383
0.00137986
0.000776309
0.00116592
0.000761259
0.000833755
0.000992215
0.000863507
0.000703756
0.00114018
0.000841645
0.000845865
0.000903709
0.000911066
0.0018604
0.000970225
0.000747514
0.000815017
0.0015724
0.000919589
0.000716542
0.000794872
0.000898376
0.000758906
0.000969779
0.00260147
0.000983292
0.000893421
0.000784914
0.000822678
0.00119402
0.000749763
0.000785375
0.000866421
0.000967904
0.00106483
0.000803085
0.000805881
0.00096176
0.00125079
0.000880685
0.00129758
0.000854295
0.00115392
0.000978812
0.00202323
0.0012196
0.000941042
0.000802224
0.00101348
0.000933186
0.000767745
0.00113432
0.00125532
0.000957626
0.00145339
0.00108247
0.000889629
0.000802345
0.00186772
0.000792139
0.000761062
0.000835268
0.00123645
0.000794466
0.000878027
0.00103988
0.000832556
0.00308672
0.00100192
0.000954549
0.000799651
0.000814171
0.000807136
0.00120455
0.00110449
0.000741449
0.000791746
0.000911579
0.000733636
0.000850808
0.000874876
0.00134418
0.00129485
0.00111584
0.00103965
0.00082263
0.00122879
0.000859906
0.00120754
0.000971154
0.00116213
0.000738791
0.000740433
0.0007445
0.000914235
0.000809787
0.00142042
0.00111543
0.000795646
0.00082412
0.000910915
0.000928057
0.000813159
0.000893793
0.000924084
0.0012841
0.00169898
0.000770367
0.00094786
0.00107351
0.000924683
0.00116153
0.00103531
0.000828102
0.001401
0.000787485
0.000793099
0.00106603
0.00086372
0.000763851
0.0011026
0.000932344
0.00120415
0.00169653
0.000904653
0.000803984
0.000804003
0.000991332
0.00103931
0.00145195
0.000837796
0.000804948
0.000837781
0.00127396
0.000908678
0.000879358
0.00130949
0.000791624
0.000816665
0.00109987
0.000926497
0.000933294
0.00100872
0.000924787
0.000770637
0.000986497
0.00100572
0.000818292
0.000905205
0.00080811
0.000869591
0.00145576
0.00100918
0.000888624
0.000776127
0.000994006
0.000800846
0.000909557
0.00119699
0.000850699
0.000890995
0.00110748
0.000771379
0.000868913
0.000731241
0.000792045
0.000950472
0.00104536
0.000946171
0.000926069
0.000829838
0.000904569
0.00146313
0.000899571
0.000878279
0.000811865
0.00100825
0.000848615
0.000849555
0.00106181
0.00102805
0.000886286
0.000759818
0.000764309
0.000830446
0.00076761
0.000762164
0.000790884
0.00104466
0.000982188
0.000918627
0.000826886
0.000816211
0.000899861
0.000998542
0.000962378
0.00103781
0.000827834
0.00081989
0.00106147
0.000876315
0.00157512
0.00081968
0.00109221
0.000945363
0.00121348
0.00110185
0.000804763
0.000853175
0.000969857
0.000841626
0.00082045
0.000757485
0.00114598
0.000810218
0.000823579
0.000899036
0.00102641
0.00142875
0.00110462
0.000974773
0.000938401
0.000711414
0.000767488
0.000756768
0.000881163
0.000888507
0.00112616
0.000945563
0.00107595
0.000958954
0.000954227
0.00207035
0.000900104
0.000867573
0.000954546
0.000824213
0.000877452
0.000930861
0.000762647
0.000751369
0.00119402
0.000902176
0.000903395
0.000810755
0.000838731
0.000908807
0.000951533
0.000783318
0.000873569
0.00127916
0.000885216
0.000938948
0.000836647
0.000955826
0.000867521
0.001298
0.00110529
0.000842843
0.000995559
0.000827322
0.000886444
0.000718195
0.000811054
0.000792981
0.000825055
0.00112846
0.00133288
0.00106122
0.00118233
0.000782402
0.000893596
0.000779727
0.000953346
0.000912147
0.00152193
0.00120965
0.000813557
0.000775817
0.00087385
0.00076194
0.000918435
0.00117416
0.000828102
0.000841872
0.000891037
0.00109248
0.000862135
0.000852604
0.000788726
0.000896171
