9.90099
1.30646
9.80029
1.28651
8.5781
1.15214
7.0397
0.905432
7.98638
1.06539
7.51572
0.938308
10.9614
1.42976
9.91733
1.343
7.90201
1.02292
10.7538
1.45375
7.93819
0.998613
11.5088
1.54209
11.1667
1.46295
7.34521
0.987042
5.64987
0.661673
12.4875
1.58014
7.91108
0.970774
7.58038
0.960025
13.5587
1.82992
10.0566
1.3407
6.14242
0.750428
7.22749
0.912606
8.10099
0.996663
7.18609
0.911788
7.79178
0.997922
9.0655
1.17536
5.25332
0.658131
5.46707
0.675295
10.1773
1.39934
8.4937
1.04851
7.13266
0.857938
8.58055
1.05881
8.88203
1.12907
12.5955
1.59014
7.37151
0.949984
9.3699
1.26752
8.3082
0.997071
6.38244
0.740405
8.71996
1.08375
9.29292
1.23681
9.78695
1.26486
7.31506
0.888678
6.97238
0.90916
10.0064
1.24169
7.11963
0.934964
9.26604
1.15149
9.36684
1.2386
8.81387
1.0788
7.94487
1.04594
11.0443
1.37333
8.5437
1.05279
5.38923
0.642728
8.8606
1.14817
8.42537
1.03743
8.78711
1.15777
7.96067
0.986659
11.5939
1.56008
8.86465
1.1002
5.25845
0.631392
9.09736
1.09108
6.02373
0.767622
5.19983
0.607218
7.93653
0.965431
9.0569
1.21496
9.85134
1.221
8.55725
1.09876
7.94644
0.960467
8.86523
1.11215
10.3739
1.33758
6.32776
0.765284
6.5673
0.820449
9.20001
1.21607
11.9888
1.57855
11.6636
1.56839
7.88162
0.973085
14.3881
1.835
9.30656
1.22362
5.22135
0.607909
8.02543
1.02248
11.7081
1.56194
5.96029
0.760131
7.29883
0.932151
6.04388
0.78072
7.16281
0.936927
9.10028
1.19246
11.4541
1.44468
8.03885
1.01801
9.18494
1.18708
5.4883
0.666031
5.81201
0.759318
5.17812
0.663319
11.1076
1.47442
5.27857
0.682423
10.0325
1.27321
12.1216
1.55614
6.92711
0.801747
10.4982
1.38427
9.30619
1.25059
5.85037
0.692374
7.3685
0.945726
8.34411
1.09041
7.95638
1.0005
9.14517
1.19371
8.64875
1.02939
10.6448
1.37714
10.0824
1.32691
7.14852
0.868372
6.70871
0.872593
11.1624
1.4465
6.03234
0.74942
6.04183
0.772359
7.53417
0.915812
9.24143
1.16472
10.486
1.33911
6.15338
0.783973
8.24999
1.10492
11.258
1.47101
11.2205
1.4974
10.0844
1.31797
10.0268
1.34699
6.50254
0.857375
7.24139
0.911152
9.78471
1.26699
8.47925
1.06649
7.26554
0.975143
13.1038
1.73705
10.3002
1.31648
10.8894
1.38261
8.37604
1.00779
4.91471
0.629756
11.1564
1.4399
7.68466
0.925549
8.26109
1.00044
10.6305
1.38673
10.448
1.4152
13.5041
1.77432
6.75636
0.852221
6.79652
0.90141
6.33531
0.78518
9.51835
1.27095
10.3806
1.34424
10.3169
1.32515
9.55208
1.2341
9.67461
1.25132
10.1556
1.32754
8.45689
1.03365
6.48989
0.803877
9.32001
1.17556
5.09302
0.619956
7.15502
0.894053
9.89496
1.27644
8.90893
1.18581
8.95766
1.16787
5.81822
0.714086
10.2304
1.33893
7.52012
0.987111
11.0556
1.49414
4.99332
0.631683
5.67544
0.686152
6.81177
0.825112
6.31972
0.75902
8.49308
1.10106
10.517
1.36569
9.42859
1.20569
10.9524
1.41945
8.111
1.00803
7.81555
1.02394
6.21117
0.795803
7.37536
0.915326
8.02584
0.969582
7.29908
0.917533
10.5561
1.34337
9.6406
1.20131
6.9538
0.873924
6.44461
0.7936
7.85152
1.02223
10.9871
1.45678
5.6583
0.726394
8.06031
1.02946
7.02716
0.88388
7.85768
0.971282
6.59329
0.828456
6.26302
0.815494
9.97391
1.24289
9.20833
1.18451
9.21059
1.22745
5.91521
0.753063
9.92959
1.24807
6.39059
0.838897
9.69249
1.24794
5.898
0.737826
7.82613
0.947328
8.30088
0.99745
4.7426
0.566252
8.67398
1.14478
6.39502
0.823108
8.98015
1.20676
9.16944
1.1854
6.96122
0.904251
9.98387
1.29244
6.58275
0.871118
7.35353
0.998972
7.88257
0.951915
7.24618
0.896067
6.1498
0.76819
5.55332
0.653401
8.04218
1.03169
13.1853
1.74765
9.7774
1.2581
12.264
1.65627
5.9695
0.753964
9.82758
1.21461
8.44164
1.12253
8.99139
1.18161
11.7624
1.52553
9.49242
1.20916
10.0854
1.319
8.20082
1.07847
6.3412
0.770227
9.02512
1.13775
6.37031
0.839324
5.38336
0.66359
6.22142
0.758424
9.7529
1.2252
7.16421
0.929102
8.04224
1.06023
8.87468
1.15414
5.01892
0.61486
7.7689
1.04883
8.76393
1.13405
7.72939
1.0076
8.16668
1.05871
10.2292
1.3482
8.95864
1.22326
6.30073
0.774814
8.3191
1.02644
9.83837
1.24637
9.86075
1.27042
6.40776
0.835683
7.959
1.03247
7.18382
0.937742
8.62739
1.12932
8.23082
1.0246
8.79284
1.13608
7.50243
0.949274
8.47736
1.11822
8.60764
1.10714
8.96628
1.07707
10.5852
1.32665
8.39005
1.05535
10.4457
1.36178
8.56325
1.16475
9.88766
1.30651
7.88461
1.03867
6.25795
0.761063
7.77669
0.972567
6.7498
0.833432
10.5454
1.36485
7.68832
0.93951
9.39434
1.1775
6.14371
0.772762
10.0306
1.35086
6.30214
0.77486
10.2643
1.29749
7.99492
1.06885
6.94058
0.822794
7.51445
0.931019
7.91882
1.0386
10.8355
1.45731
9.35346
1.22134
7.75776
0.988307
7.57916
0.953304
9.3732
1.22955
6.37747
0.798509
11.2887
1.45923
5.4312
0.705438
7.04189
0.92204
8.53183
1.12418
9.63627
1.24652
10.1351
1.29572
13.253
1.73907
8.885
1.09587
8.32499
1.09598
9.63738
1.21371
6.28049
0.774997
10.5226
1.38153
6.61032
0.80753
8.69952
1.04476
8.29342
1.03996
7.99214
1.06976
8.00425
0.956155
8.8436
1.1385
7.27691
0.882995
12.4214
1.61044
9.96506
1.25502
11.0235
1.48106
9.39046
1.21991
7.40058
0.881638
7.10094
0.865624
5.75737
0.722572
7.11541
0.852069
6.94749
0.827483
8.61118
1.10673
10.3322
1.34755
9.45691
1.25813
8.55668
1.1596
5.77118
0.71143
8.73045
1.1216
7.5044
0.955383
7.25372
0.962248
8.62111
1.07716
7.50034
0.932686
5.93086
0.676221
7.08071
0.923073
6.38247
0.745066
6.34739
0.80889
8.69412
1.12209
10.7139
1.43793
7.51666
0.912065
6.59204
0.818904
5.93615
0.726474
8.10204
1.08907
6.14984
0.790037
4.00663
0.475651
8.57301
1.12912
5.77067
0.732517
7.78752
0.982773
11.89
1.57371
8.08015
1.02698
6.25462
0.754149
7.35612
0.929687
5.42384
0.703678
8.46151
1.08966
8.67918
1.09619
11.7125
1.52045
9.29914
1.15038
8.11803
1.01855
6.74906
0.831343
9.59128
1.33527
6.13918
0.781666
10.9174
1.38381
5.74481
0.716905
9.38506
1.23197
8.71213
1.0394
4.28441
0.525517
6.1994
0.77379
8.90598
1.13082
10.7277
1.38576
5.33623
0.70562
8.76586
1.15415
7.31967
0.947489
6.31221
0.748535
9.41263
1.20894
7.32027
0.980704
9.2529
1.16212
9.92362
1.32517
6.16171
0.787188
7.84802
0.996359
10.0966
1.32658
9.48846
1.24763
7.75493
0.964774
4.36654
0.570545
6.8469
0.849838
5.672
0.745459
8.42151
1.06093
7.89476
1.03285
9.012
1.13532
5.52163
0.670428
9.33358
1.22257
7.14061
0.899602
6.38352
0.796026
8.22431
1.02219
13.8194
1.8981
8.75338
1.13702
8.78466
1.12738
6.30003
0.785202
8.46893
1.07862
9.32204
1.20893
6.52922
0.869308
8.71046
1.10646
9.08859
1.21606
13.3667
1.82336
3.98455
0.48525
7.54423
0.914443
6.88432
0.86602
8.01463
0.990247
12.0259
1.55825
7.2986
0.883845
8.24918
1.02943
5.94605
0.720363
6.1777
0.753457
10.6152
1.39981
6.61701
0.841127
7.3198
0.917226
5.74814
0.709737
5.60352
0.642606
7.01853
0.830176
5.62948
0.70068
9.81711
1.26895
11.1332
1.47265
7.02901
0.903722
15.2305
1.99851
7.45768
0.952639
6.24535
0.78393
5.04832
0.613992
8.53864
1.04238
9.10751
1.13457
11.9507
1.61856
7.86681
0.990785
7.80428
1.05512
5.09897
0.615523
9.72166
1.25669
7.97283
1.03722
6.58916
0.847695
6.77737
0.868815
11.4251
1.48907
7.31471
0.936533
10.0199
1.25128
4.54283
0.584212
11.8386
1.54129
7.43498
0.943317
5.45558
0.648206
7.34131
0.961061
11.6749
1.54804
8.01786
1.07287
10.5073
1.36373
5.35019
0.648911
7.01454
0.884416
5.88937
0.713722
10.2282
1.3803
9.99914
1.27452
9.61636
1.26291
7.78875
1.04104
10.7968
1.39033
8.37711
1.04286
6.60532
0.903287
5.92933
0.736213
6.2709
0.775694
6.08501
0.808619
9.34407
1.24392
9.67767
1.24461
8.34906
1.01943
5.73151
0.693841
6.89432
0.834443
9.361
1.22
6.10961
0.773174
9.00046
1.18281
8.62021
1.10238
10.1411
1.32152
8.81509
1.14982
6.19425
0.781812
11.7491
1.51474
12.0001
1.59603
4.35118
0.53525
6.33319
0.771572
6.40583
0.770298
6.16243
0.773698
8.9946
1.10573
12.4145
1.64602
9.80133
1.20378
9.3103
1.19905
8.19345
1.02855
5.71477
0.699211
7.23459
0.948871
6.88748
0.893714
8.81961
1.14784
4.5654
0.525391
5.23881
0.62539
8.78926
1.12735
7.65699
1.02988
10.8755
1.42324
10.1918
1.38988
8.12395
0.995703
9.45993
1.24346
7.22823
0.931894
11.1943
1.51116
8.00208
0.961162
7.98895
0.979403
9.04459
1.16205
6.38226
0.842922
10.9981
1.41743
8.84487
1.09847
8.4775
1.12719
8.61352
1.08561
7.89091
0.941832
7.30211
0.874885
8.64006
1.15203
7.59462
0.903941
8.22704
0.992527
8.19266
1.09097
6.93689
0.814228
8.36606
1.05747
6.55334
0.873591
11.3834
1.49992
7.41491
0.973343
7.97376
1.03224
10.3331
1.2861
7.93585
1.01167
5.84958
0.684002
8.68459
1.10569
7.08979
0.858936
5.27639
0.635281
5.93014
0.760752
7.55671
0.893719
10.4847
1.40462
7.78837
0.958282
6.15679
0.798279
9.93815
1.30165
9.5049
1.28499
9.0847
1.20536
5.57063
0.68492
6.4879
0.812731
9.86537
1.26134
7.27334
0.885423
8.21225
0.999708
6.57039
0.870475
8.07953
0.977761
6.61442
0.875622
8.97686
1.13966
9.71545
1.25039
7.14341
0.924579
9.26622
1.17581
7.6515
0.909825
9.34602
1.19061
8.89845
1.0824
10.6026
1.3663
12.8306
1.74349
8.07592
0.959423
8.86886
1.09385
12.1442
1.60739
8.62496
1.07823
6.04197
0.744013
10.4299
1.3487
7.74569
0.977906
5.65504
0.705113
6.2259
0.80478
6.48768
0.817561
9.51625
1.21937
7.61775
1.00566
9.22999
1.15792
11.805
1.52058
5.60699
0.670056
5.51831
0.71992
9.69654
1.28204
5.0428
0.628024
8.00139
1.05004
6.21806
0.753841
9.7663
1.26615
9.35311
1.16443
13.1544
1.78145
9.45138
1.2238
7.79005
0.986517
6.36284
0.783352
6.59177
0.817412
11.0028
1.46263
8.69932
1.04837
7.43879
0.950073
7.1973
0.933433
7.53228
0.977634
7.18855
0.90125
7.17129
0.869338
7.70391
0.997675
6.33138
0.833223
6.51029
0.765843
5.5659
0.679755
5.5959
0.694321
7.05974
0.866166
8.14728
1.04311
6.63517
0.783334
7.7653
0.968565
10.8836
1.43139
8.81032
1.11426
11.6829
1.55919
10.5585
1.41928
12.2563
1.63433
9.06056
1.14466
10.5726
1.31401
5.50394
0.652156
8.30908
1.00708
5.69492
0.697642
7.00304
0.834726
10.6823
1.3787
4.58641
0.551331
6.24473
0.820872
7.64806
0.920422
10.3051
1.34867
9.93032
1.26318
6.69832
0.880976
9.65667
1.24715
6.69685
0.828409
9.87029
1.30805
10.0428
1.32583
7.35864
0.946057
8.19543
1.07704
6.92121
0.909564
9.41825
1.23901
11.0075
1.41082
7.89303
1.01512
5.17412
0.644294
5.44082
0.660567
6.97112
0.904879
9.42379
1.20299
6.9428
0.841446
9.44489
1.19797
5.16521
0.638682
8.3801
1.12041
6.54402
0.850416
8.32365
1.05364
7.47881
0.895987
10.1304
1.30331
6.68773
0.840266
7.29589
0.92723
7.64113
0.985875
11.6462
1.5953
12.6346
1.67895
7.32423
0.880393
10.1136
1.32911
11.1988
1.40831
6.71227
0.858577
8.68065
1.12161
6.50369
0.792599
7.68968
1.01255
8.56477
1.13467
7.62656
0.98652
5.14194
0.621166
6.9188
0.871385
13.1588
1.76537
10.4395
1.29712
6.8327
0.820318
8.84495
1.1333
5.53968
0.667554
5.64019
0.667519
4.99681
0.614263
11.2283
1.51613
10.9095
1.3914
6.80426
0.806058
11.5552
1.52581
8.3565
1.07235
10.2349
1.31204
7.06552
0.896764
7.31137
0.971088
9.07515
1.18297
10.7565
1.35758
9.06021
1.19746
13.8207
1.82668
8.97876
1.13052
6.68244
0.868598
12.0449
1.61057
6.70207
0.895468
7.7205
0.993169
7.87434
1.00935
6.13286
0.733355
10.7984
1.41503
7.92102
1.00439
8.22466
1.07696
7.346
0.95743
8.75563
1.11429
9.96798
1.30506
10.3657
1.41494
10.7199
1.41932
9.5325
1.20698
6.94642
0.866877
10.1932
1.3205
5.23423
0.604202
9.79576
1.29016
8.95221
1.15315
10.9245
1.43638
9.9443
1.32204
4.5289
0.547078
9.36526
1.2114
6.81778
0.827401
4.38724
0.51771
10.9054
1.41336
8.54064
1.08687
14.2363
1.87936
10.423
1.32151
7.18239
0.933127
6.0802
0.714727
8.94075
1.10806
8.4113
1.11096
10.8285
1.43395
10.1195
1.27901
7.27633
0.930846
11.8399
1.58856
7.0778
0.911325
11.4211
1.54147
10.7981
1.36587
5.22638
0.644488
11.0468
1.40814
7.25349
0.872795
5.65511
0.678882
7.46371
0.956599
9.30722
1.22146
6.88754
0.890843
5.4836
0.661379
10.156
1.26971
9.60712
1.26138
4.19034
0.498784
11.0756
1.44914
5.43689
0.683123
8.89254
1.11394
6.60078
0.783435
10.5758
1.40651
8.13539
1.00764
8.16751
1.04498
9.732
1.21062
8.05692
1.02447
12.3295
1.6077
8.42903
1.09039
7.31549
0.888996
6.34789
0.822275
6.93958
0.849563
11.1795
1.47606
8.58996
1.11957
11.5594
1.502
5.92346
0.737171
13.9564
1.83291
9.70471
1.19792
7.15629
0.926157
8.11778
1.05387
6.14595
0.818606
7.61129
1.00447
6.76271
0.845246
10.0117
1.22924
10.7078
1.31954
12.1249
1.53843
7.02644
0.863034
7.1192
0.942514
7.3101
0.930828
14.8064
1.95423
10.043
1.24192
8.69834
1.06331
7.26643
0.897176
7.33567
0.902537
8.52798
1.09752
5.53044
0.670391
8.39656
1.03554
6.7341
0.852798
7.6708
0.919872
9.10107
1.15296
7.9294
1.04982
9.37131
1.20584
5.55446
0.672272
11.1291
1.47225
4.08897
0.487233
9.04724
1.19404
9.30206
1.19271
9.29269
1.24033
9.26915
1.17775
8.21591
1.00471
6.26174
0.798995
7.22676
0.897022
9.74219
1.24211
5.08435
0.603005
10.5329
1.3792
8.01908
1.04378
9.06931
1.16087
7.14307
0.831659
7.93106
1.00108
12.0692
1.57389
5.79338
0.713209
9.82576
1.24936
5.08718
0.668939
12.1468
1.59105
7.65625
0.945272
12.0239
1.59636
9.06758
1.12593
9.1078
1.19317
13.8082
1.8072
9.23593
1.18986
5.8057
0.698739
6.44802
0.800103
9.99116
1.21161
6.58867
0.832454
6.03171
0.72605
10.0341
1.30412
9.28249
1.18443
7.95779
0.987137
8.8323
1.13629
8.77815
1.10393
7.80904
1.00133
7.55673
0.911845
8.79926
1.10526
6.04754
0.755291
8.90248
1.1334
11.1991
1.4361
6.79836
0.852637
6.59705
0.806224
10.0476
1.35252
9.32569
1.189
10.1872
1.29691
8.21343
0.993183
8.31768
1.01223
8.1979
1.10255
6.09246
0.744382
9.41302
1.20615
8.82367
1.08189
9.41843
1.22332
6.95757
0.933997
9.70973
1.19962
10.2626
1.35382
5.46096
0.672125
9.81177
1.27362
7.27092
0.881061
14.393
1.96056
11.5151
1.51446
10.1083
1.29584
6.55438
0.811561
10.0283
1.22534
9.74206
1.27298
7.31624
0.863219
6.12136
0.722181
6.99957
0.856465
4.93225
0.613662
10.8798
1.44472
10.0854
1.29279
9.05464
1.14261
7.49569
1.00665
9.1147
1.18775
10.2822
1.29795
10.2845
1.41613
7.73033
0.998867
9.52604
1.24761
8.38166
1.08929
7.66415
0.94541
9.62489
1.24997
9.89567
1.26133
9.47936
1.17338
8.43026
1.11574
7.22886
0.867357
6.33695
0.769766
6.48869
0.790898
5.47337
0.66607
7.78646
1.02871
9.12256
1.11808
9.97665
1.27589
8.36034
1.01987
4.51818
0.561732
14.3766
1.93561
8.39592
1.07684
8.15749
1.02205
5.7354
0.714444
8.21848
1.01711
10.9773
1.44945
7.26994
0.900124
7.3493
0.981459
8.12338
0.994926
11.9561
1.56089
5.36482
0.652746
9.63129
1.22462
8.89182
1.07541
7.21721
0.958296
11.6166
1.53286
6.27535
0.752971
7.30009
0.855826
8.30916
0.976489
10.0948
1.33622
8.84372
1.14049
10.1923
1.37739
7.59985
0.961611
12.5337
1.68649
6.89325
0.90377
7.80731
0.959321
8.11765
1.06219
8.73207
1.14867
11.9436
1.59892
6.59095
0.881122
8.83477
1.09443
13.3076
1.75186
7.34604
0.901008
11.7976
1.52257
6.50175
0.862462
6.67408
0.834498
7.29956
0.935717
11.3453
1.46091
10.3668
1.33502
9.56166
1.29267
8.54625
1.10692
6.53841
0.764047
8.57248
1.15526
6.00317
0.725635
7.91018
1.00683
7.7237
0.970772
6.80632
0.843237
5.75547
0.716313
8.34649
1.04495
5.79445
0.746498
6.76037
0.844404
11.7817
1.54372
7.73475
0.986286
8.66821
1.11006
7.87519
1.01082
8.33428
1.0655
5.73966
0.730488
6.88168
0.898658
7.26258
0.913335
9.56756
1.21121
8.93413
1.16832
4.31962
0.523234
7.5817
0.882849
9.77369
1.20153
4.96737
0.573658
10.153
1.2971
5.75506
0.735245
8.85792
1.11876
8.63349
1.09785
9.73221
1.20403
12.522
1.71672
8.31347
1.00996
9.295
1.13616
8.77497
1.12044
11.0253
1.45739
8.09549
1.06728
8.64412
1.12673
10.5075
1.31647
5.33246
0.636425
14.7175
1.94246
6.29624
0.811187
9.39337
1.21286
8.02851
1.03463
9.05229
1.19177
6.92176
0.855576
9.43691
1.20818
13.1052
1.78267
9.0725
1.14494
6.80285
0.814666
9.75566
1.24961
9.73082
1.2197
10.769
1.46747
7.35747
0.921566
8.41871
1.15837
7.11692
0.860148
5.3759
0.699102
6.66837
0.853958
4.25597
0.495377
7.13068
0.89154
6.11323
0.730506
7.02011
0.862072
4.20687
0.494619
10.2094
1.2933
10.1249
1.29471
7.08216
0.921884
9.66794
1.28371
11.0417
1.45424
7.92038
0.984567
9.18071
1.146
5.58073
0.689797
6.655
0.836587
8.84208
1.11085
9.43778
1.21382
11.324
1.50007
10.2282
1.32444
10.2397
1.35915
8.10168
1.07672
8.0184
1.05213
15.6828
2.13685
9.99887
1.34002
8.67607
1.10246
10.0873
1.35397
9.27218
1.1865
8.74785
1.06959
9.24533
1.17518
11.2011
1.46253
11.5831
1.51943
12.2517
1.63156
6.86654
0.821909
11.7325
1.5962
8.75531
1.12467
7.79859
0.930432
6.32695
0.78024
6.06873
0.760768
10.1765
1.31968
10.0959
1.31076
9.53732
1.28642
7.88042
0.947567
7.06502
0.910701
10.0337
1.32818
7.16081
0.860229
9.32344
1.22112
8.46217
1.05687
9.78304
1.27218
5.965
0.767769
6.67266
0.795205
8.24527
1.00472
5.47639
0.669613
5.27086
0.62979
6.12059
0.775198
7.3162
0.928132
7.83176
0.984154
6.18446
0.759612
7.204
0.90254
8.27842
1.03059
9.66075
1.21879
6.84173
0.916161
7.31678
0.963201
6.16199
0.753213
10.0063
1.27474
5.31563
0.682116
5.41467
0.68082
7.55912
0.949611
